123456023456013456012456012356012346012345
123456023456013456012456012356012364012354
123456023456013456012456012356012634012534
123456023456013456012456012365012346012354
123456023456013456012456012635012634012453
123456023456013456012456015623014236014235
123456023456013456012456012563012436012435
123456023456013456012465012356012364012534
123456023456013456012465012365012346012534
123456023456013456012465012635012346012543
123456023456013456012465012635012364012453
123456023456013456012465012563012463012435
123456023456013456012645012356012346012453
123456023456013456012645012356012364012543
123456023456013456012645012365012346012543
123456023456013456012645012365012364012453
123456023456013456012465012563012436012453
123456023456013456012564012356012463012453
123456023456013456012456012563012463012453
123456023456013456012546012536012634012534
123456023456013465012456012356012634015234
123456023456013465012456016235012634014523
123456023456013465012465012356012364015234
123456023456013465012465012635012346015243
123456023456013456045162031562031462013452
123456023456013465012465016235012346015423
123456023456013465012465016235012364014523
123456023456013465012465016235016234014235
123456023456013465012645012356012364015243
123456023456013465012645012365012346015243
123456023456013465012645012365016234012435
123456023456013465012645012635012346015234
123456023456013456014562013526013426013245
123456023456013465016245016235012346015342
123456023456013465012546012536012634015234
123456023456013456012546012536016234015234
123456023456013645012456012635012634014523
123456023456013645012465012635012346015423
123456023456013645012465012635012364014523
123456023456013564014562013526013246013425
123456023456013645012645012356012346014523
123456023456013645012645012356012364015423
123456023456013645012645012365012346015423
123456023456013564014562013256013426013425
123456023456013456014562013562013426013425
123456023456013645016245012356012346014532
123456023456013645016245012365012346015432
123456023456013645016245012365012364014532
123456023456013645016245012365012634014352
123456023456013645016245012365016234014325
123456023456013645016245012635012346015342
123456023456013645016245012635012634013452
123456023456013645014562013526013462013425
123456023456013645016245016235012346015324
123456023456013456012546012536061234051234
123456023456015346012456012356061342051234
123456023456014563016452012356012346012453
123456023456016345012456012365012346013542
123456023456013564014562013256013462013452
123456023456014563015642012356012463012453
123456023456016345012465012356012364015342
123456023456016345012465012365012346015342
123456023456013645014562013256013246013452
123456023456016345012465012635012346015432
123456023456016345012465012635012364014532
123456023456015346015246012356061423051234
123456023456013654014562013526013246013452
123456023456016345012645012356012346014532
123456023456016345012645012356012364015432
123456023456016345012645012365012346015432
123456023456015643012456013256013462013452
123456023456016345012645012365012634014352
123456023456013654014562013256013426013452
123456023456016345012645012635012346015342
123456023456014653012456013562013426013452
123456023456013465014562013562013426013452
123456023456015634014256013256013462013452
123456023456013546012456012563014236012435
123456023456013546012564012635014236012354
123456023456013456012546012365012436012354
123456023456013456012546012356061243051234
123456023456013456012546012356016243015234
123456023456013456012546012356012643012534
123456023456013456012546012365012463012534
123456023456014356012546013265012436012354
123456023456014356012456013265012346012354
123456023456014356012456056132041236041235
123456023456013564012564016523012346012354
123456023456013564012456012563014236014235
123456023465013456012546012356016243051234
123456023465013645016245012365012346051432
123456023465013645016245012635012346051342
123456023456015346012546015236061324051234
123456023456014563016425012356013246012453
123456023465015346012465012356013642051234
12345602346