123450234501345012450123501234
123450234501345012450125301243
123450234501345012450152301423
123450234501345012540123501243
123450234501345015240152301342
123450234501345014520132501324
123450234501354012450125301423
123450234501354015240123501432
123450234501354015240125301342
123450234501345041520315201342
123450234501534012450123501342
123450234501534012450125301432
123450234501534012540123501432
123450234501354014520132501342
123450235401345051240152303412
123450235401534012450125304132
123450234501345014520153201432
123450234501345014520513204132
123450234501345015420153201342
123450234501354041520315201324
123450234501435012450153201423
123450234501435012450513204123
123450234501435012540132501243
123450234501435012540135201423
123450234501435015240135201432
123450234501435015240153201342
123450234501435051240513203412
123450234501354012540123501423
123450234501453012450135201342
123450234501453012450153201432
123450234501453012540153201342
123450234501453015240135201423
123450234501543012540132501432
123450234501354015420132501432
123450234501345015420135201432
123450235401435012540135204123
123450235401435015240135204132
123450235401435051240135204312
123450235401453012540135204132
123450235401345015420135204132
123450235405143051240135202431
123450234501453014250152301432
123450245305341021450253104321
123450245305341021450235103421
123450245305413014250253104321
123450245305413014250235103421
123450325401354021540123504123
123450325401354052140123504312
123450245301534014250312503142
123450235401543014250125304132
123450234501354041520312501342
123450234501543014250125301432
123450234501354045120312503142
123450243501543041250123501342
123450243501453012450312501324
123450235401543014520125304123
123450245301534014250315203124
123450243501354015420312501432
123450235401345054120315204312
123450235401345051420135204312
123450325401435021540135204123
123450235401345051420153203412
123450235401345014520153204132
123450245301345015420531203412
123450235403514021450125304213
123450235403514052140125303421
123450325401453025140153203412
123450234501453012540135201432
123450245305413012540325104321
123450245304513012540352104321
123450243501354014520312501342
123450235401543015240132504123
123450235401435012450153204123
123450243501453012540315201432
123450245305413015240325104231
123450235401435051240153203412
123450245301345015420351204312
123450245304513015420235102431
123450245305413015420235104231
123450243501543012450312501342
123450245305341021540235104321
123450235401534012540123504132
123450235401453014250152304132
123450245305413012450325103421
123450245301354014520312503142
123450235401543012540132504132
123450235405143051240153202341
123450345201453025410352104321
123450245305431021450325103421
123450243501534014250312501342
123450345201543024510325103421
123450345201543025410325104321
123450345201543052410325104231
123450235401453012450153204132
123450345204153025410351204321
123450254304513014250231503241
123450254305134014250315203241
123450254304513015240321502431
123450254305134015420312504231
123450452301543012540325104321
123450254301345015420315204312
123450254305134015420315202431
