( 0 0 0 150 ) 
( 0 0 -37.5 0 ) ( -75 0 -150 0 ) ( -37.5 0 -75 0 ) 
( 0 0 0 -75 ) ( 0 -75 0 -112.5 ) ( 0 -112.5 0 -150 ) 
( 0 0 150 0 ) 
( 0 150 -151 148.5 -150 0 ) 
( 0 150 -75 0 ) ( -75 0 -37.5 -75 ) ( -37.5 -75 0 -150 ) 
( 0 150 -37.5 0 ) ( -37.5 0 0 -75 ) ( 0 -75 150 0 ) 
( -150 0 0 -150 ) 
( -150 0 -37.5 -75 ) ( -37.5 -75 0 -112.5 ) ( 0 -112.5 150 0 ) 
( 0 -150 150 0 ) 
#
( 0 0 0 150 ) 
( 0 0 -37.5 0 ) ( -75 0 -150 0 ) ( -37.5 0 -75 0 ) 
( 0 0 0 -75 ) ( 0 -75 0 -150 ) 
( 0 0 75 0 ) ( 75 0 150 0 ) 
( 0 150 -151 148.5 -150 0 ) 
( 0 150 -75 0 ) ( -75 0 0 -150 ) 
( 0 150 -37.5 0 ) ( -37.5 0 0 -75 ) ( 0 -75 75 -37.5 ) ( 75 -37.5 150 0 ) 
( -150 0 -226.5 222.75 92.5 244.75 168 245.5 75 75 75 0 ) ( 75 0 75 -37.5 ) ( 75 -37.5 0 -150 ) 
( -150 0 -164.5 -216.5 155 -243.5 150 0 ) 
( 0 -150 115 -140.5 150 0 ) 
#
( 0 0 0 150 ) 
( 0 0 -37.5 0 ) ( -75 0 -150 0 ) ( -37.5 0 -75 0 ) 
( 0 0 0 -75 ) ( 0 -75 0 -150 ) 
( 0 0 150 0 ) 
( 0 150 -151 148.5 -150 0 ) 
( 0 150 -75 0 ) ( -75 0 0 -150 ) 
( 0 150 -37.5 0 ) ( -37.5 0 0 -75 ) ( 0 -75 150 0 ) 
( -150 0 0 -150 ) 
( -150 0 -164.5 -216.5 155 -243.5 150 0 ) 
( 0 -150 77.5 -159.25 150 0 ) 
#
( 0 0 0 150 ) 
( 0 0 -75 0 ) ( -75 0 -112.5 0 ) ( -112.5 0 -150 0 ) 
( 0 0 0 -150 ) 
( 0 0 75 0 ) ( 75 0 150 0 ) 
( 0 150 -151 148.5 -150 0 ) 
( 0 150 -75 0 ) ( -75 0 0 -150 ) 
( 0 150 -112.5 0 ) ( -112.5 0 -75 -75 -164.5 -216.5 155 -243.5 150 0 ) 
( -150 0 -226.5 222.75 92.5 244.75 168 245.5 75 75 75 0 ) ( 75 0 0 -150 ) 
( -150 0 -246.75 -249.75 -87 -263.25 232.5 -290.25 161.5 1 150 0 ) 
( 0 -150 115 -121.75 150 0 ) 
#
( 0 0 0 150 ) 
( 0 0 -150 0 ) 
( 0 0 0 -150 ) 
( 0 0 75 0 ) ( 75 0 150 0 ) 
( 0 150 -151 148.5 -150 0 ) 
( 0 150 75 0 ) ( 75 0 0 -150 ) 
( 0 150 150 0 ) 
( -150 0 0 -150 ) 
( -150 0 -164.5 -216.5 155 -243.5 150 0 ) 
( 0 -150 115 -121.75 150 0 ) 
#
