( 0 0 -74 129 ) 
( 0 0 -75 -129 ) 
( 0 0 150 0 ) 
( -74 129 -75 -129 ) 
#
( 0 0 -74 129 ) 
( 0 0 -37.5 -64.5 ) ( -37.5 -64.5 -75 -129 ) 
( 0 0 150 0 ) 
( -74 129 -75 -129 ) 
( -74 129 -37.5 -64.5 ) 
#
( 0 0 -74 129 ) 
( 0 0 -37.5 -64.5 ) ( -37.5 -64.5 -75 -129 ) 
( 0 0 150 0 ) 
( -74 129 -75 -129 ) 
( -74 129 -37.5 -64.5 ) ( -37.5 -64.5 150 0 ) 
#
( 0 0 -74 129 ) 
( 0 0 -37.5 -64.5 ) ( -37.5 -64.5 -75 -129 ) 
( 0 0 150 0 ) 
( -74 129 -75 -129 ) 
( -74 129 -37.5 -64.5 ) ( -37.5 -64.5 150 0 ) 
( -75 -129 150 0 ) 
#
( 0 0 -74 129 ) 
( 0 0 -37.5 -64.5 ) ( -37.5 -64.5 -75 -129 ) 
( 0 0 150 0 ) 
( -74 129 -75 -129 ) 
( -74 129 -37.5 -64.5 ) ( -37.5 -64.5 150 0 ) 
( -75 -129 150 0 ) 
#
( 0 0 -74 129 ) 
( 0 0 -75 -129 ) 
( 0 0 150 0 ) 
( -74 129 -75 -129 ) 
#
( 0 0 -74 129 ) 
( 0 0 -37.5 -64.5 ) ( -37.5 -64.5 -75 -129 ) 
( 0 0 150 0 ) 
( -74 129 -75 -129 ) 
( -74 129 200 125 200 -125 -50 -125 37.5 -64.5 -37.5 -64.5 ) 
#
( 0 0 -74 129 ) 
( 0 0 -75 -129 ) 
( 0 0 150 0 ) 
( -74 129 -75 -129 ) 
( -74 129 150 0 ) 
#
( 0 0 -74 129 ) 
( 0 0 -75 -129 ) 
( 0 0 150 0 ) 
( -74 129 -75 -129 ) 
( -74 129 150 0 ) 
( -75 -129 150 0 ) 
#
( 0 0 -74 129 ) 
( 0 0 -75 -129 ) 
( 0 0 150 0 ) 
( -74 129 -75 -129 ) 
( -74 129 150 0 ) 
( -75 -129 150 0 ) 
#