0 0 75 129 
0 0 -9.25 16.125 -37 64.5 -74 129 -18.5 32.25 -37 64.5 -9.25 16.125 -18.5 32.25 
0 0 -37.5 0 -75 0 -112.5 0 -37.5 0 -56.25 0 -112.5 0 -150 0 -56.25 0 -75 0 
0 0 -37.5 -64.5 -37.5 -64.5 -56.25 -96.75 -56.25 -96.75 -65.625 -112.875 -65.625 -112.875 -75 -129 
0 0 74 -129 
75 129 -74 129 
75 129 -37 64.5 -37 64.5 -65.25 48.375 -93.5 32.25 -150 0 -65.25 48.375 -93.5 32.25 
75 129 -18.5 32.25 -18.5 32.25 -46.75 16.125 -75 0 -75 -64.5 -46.75 16.125 -75 0 -75 -64.5 -75 -129 
75 129 -9.25 16.125 -9.25 16.125 -37.5 0 -37.5 0 -37.5 -64.5 -37.5 -64.5 74 -129 
-74 129 -150 0 
-74 129 -93.5 32.25 -93.5 32.25 -112.5 0 -112.5 0 -93.75 -64.5 -93.75 -64.5 -75 -129 
-74 129 -65.25 48.375 -65.25 48.375 -46.75 16.125 -46.75 16.125 -56.25 0 -56.25 0 -56.25 -96.75 -56.25 -96.75 74 -129 
-150 0 -75 -129 
-150 0 -93.75 -64.5 -93.75 -64.5 -75 -64.5 -75 -64.5 -65.625 -112.875 -65.625 -112.875 74 -129 
-75 -129 74 -129 
#
0 0 75 129 
0 0 -9.25 16.125 -37 64.5 -74 129 -18.5 32.25 -37 64.5 -9.25 16.125 -18.5 32.25 
0 0 -37.5 0 -75 0 -112.5 0 -37.5 0 -56.25 0 -112.5 0 -150 0 -56.25 0 -75 0 
0 0 -37.5 -64.5 -37.5 -64.5 -56.25 -96.75 -56.25 -96.75 -75 -129 
0 0 37 -64.5 37 -64.5 74 -129 
75 129 -74 129 
75 129 -37 64.5 -37 64.5 -65.25 48.375 -93.5 32.25 -150 0 -65.25 48.375 -93.5 32.25 
75 129 -18.5 32.25 -18.5 32.25 -46.75 16.125 -75 0 -75 -129 -46.75 16.125 -75 0 
75 129 -9.25 16.125 -9.25 16.125 -37.5 0 -37.5 0 -37.5 -64.5 -37.5 -64.5 18.25 -96.75 18.25 -96.75 74 -129 
-74 129 -150 0 
-74 129 -93.5 32.25 -93.5 32.25 -112.5 0 -112.5 0 -75 -129 
-74 129 -65.25 48.375 -65.25 48.375 -46.75 16.125 -46.75 16.125 -56.25 0 -56.25 0 -56.25 -96.75 -56.25 -96.75 8.875 -112.875 8.875 -112.875 74 -129 
-150 0 37 -64.5 37 -64.5 18.25 -96.75 18.25 -96.75 8.875 -112.875 8.875 -112.875 -75 -129 
-150 0 74 -129 
-75 -129 74 -129 
#
0 0 75 129 
0 0 -9.25 16.125 -37 64.5 -74 129 -18.5 32.25 -37 64.5 -9.25 16.125 -18.5 32.25 
0 0 -37.5 0 -75 0 -93.75 0 -37.5 0 -75 0 -112.5 0 -150 0 -93.75 0 -112.5 0 
0 0 -37.5 -64.5 -37.5 -64.5 -75 -129 
0 0 18.5 -32.25 37 -64.5 74 -129 18.5 -32.25 37 -64.5 
75 129 -74 129 
75 129 -37 64.5 -37 64.5 -65.25 48.375 -93.5 32.25 -150 0 -65.25 48.375 -93.5 32.25 
75 129 -18.5 32.25 -18.5 32.25 -75 0 -75 0 -75 -129 
75 129 -9.25 16.125 -9.25 16.125 -37.5 0 -37.5 0 -37.5 -64.5 -37.5 -64.5 -9.625 -80.625 18.25 -96.75 74 -129 -9.625 -80.625 18.25 -96.75 
-74 129 -150 0 
-74 129 -93.5 32.25 -93.5 32.25 -112.5 0 -112.5 0 -37.75 -32.25 37 -64.5 18.25 -96.75 18.25 -96.75 -75 -129 -37.75 -32.25 37 -64.5 
-74 129 -65.25 48.375 -65.25 48.375 -93.75 0 -93.75 0 74 -129 
-150 0 18.5 -32.25 18.5 -32.25 -9.625 -80.625 -9.625 -80.625 -75 -129 
-150 0 -37.75 -32.25 -37.75 -32.25 74 -129 
-75 -129 74 -129 
#
0 0 75 129 
0 0 -9.25 16.125 -37 64.5 -74 129 -18.5 32.25 -37 64.5 -9.25 16.125 -18.5 32.25 
0 0 -37.5 0 -75 0 -112.5 0 -37.5 0 -56.25 0 -112.5 0 -150 0 -56.25 0 -75 0 
0 0 -37.5 -64.5 -37.5 -64.5 -56.25 -96.75 -56.25 -96.75 -75 -129 
0 0 74 -129 
75 129 -74 129 
75 129 -37 64.5 -37 64.5 -65.25 48.375 -93.5 32.25 -150 0 -65.25 48.375 -93.5 32.25 
75 129 -18.5 32.25 -18.5 32.25 -46.75 16.125 -75 0 -75 -129 -46.75 16.125 -75 0 
75 129 -9.25 16.125 -9.25 16.125 -37.5 0 -37.5 0 -37.5 -64.5 -37.5 -64.5 74 -129 
-74 129 -150 0 
-74 129 -93.5 32.25 -93.5 32.25 -112.5 0 -112.5 0 -75 -129 
-74 129 -65.25 48.375 -65.25 48.375 -46.75 16.125 -46.75 16.125 -56.25 0 -56.25 0 -56.25 -96.75 -56.25 -96.75 74 -129 
-150 0 -75 -129 
-150 0 74 -129 
-75 -129 74 -129 
#
0 0 75 129 
0 0 -9.25 16.125 -37 64.5 -74 129 -18.5 32.25 -37 64.5 -9.25 16.125 -18.5 32.25 
0 0 -37.5 0 -75 0 -93.75 0 -37.5 0 -75 0 -112.5 0 -150 0 -93.75 0 -112.5 0 
0 0 -37.5 -64.5 -37.5 -64.5 -75 -129 
0 0 37 -64.5 37 -64.5 55.5 -96.75 55.5 -96.75 74 -129 
75 129 -74 129 
75 129 -37 64.5 -37 64.5 -65.25 48.375 -93.5 32.25 -150 0 -65.25 48.375 -93.5 32.25 
75 129 -18.5 32.25 -18.5 32.25 -75 0 -75 0 -75 -129 
75 129 -9.25 16.125 -9.25 16.125 -37.5 0 -37.5 0 -37.5 -64.5 -37.5 -64.5 18.25 -96.75 18.25 -96.75 46.125 -112.875 46.125 -112.875 74 -129 
-74 129 37 -64.5 37 -64.5 18.25 -96.75 18.25 -96.75 -150 0 
-74 129 55.5 -96.75 55.5 -96.75 46.125 -112.875 46.125 -112.875 -23.6875 -40.3125 -93.5 32.25 -112.5 0 -112.5 0 -75 -129 -23.6875 -40.3125 -93.5 32.25 
-74 129 74 -129 
-150 0 -75 -129 
-150 0 -23.6875 -40.3125 -23.6875 -40.3125 74 -129 
-75 -129 -93.75 0 -93.75 0 -65.25 48.375 -65.25 48.375 74 -129 
#
0 0 75 129 
0 0 -9.25 16.125 -37 64.5 -74 129 -18.5 32.25 -37 64.5 -9.25 16.125 -18.5 32.25 
0 0 -37.5 0 -75 0 -150 0 -37.5 0 -75 0 
0 0 -37.5 -64.5 -37.5 -64.5 -56.25 -96.75 -56.25 -96.75 -60.9375 -104.813 -65.625 -112.875 -75 -129 -60.9375 -104.813 -65.625 -112.875 
0 0 37 -64.5 37 -64.5 74 -129 
75 129 -74 129 
75 129 -37 64.5 -37 64.5 -150 0 
75 129 -18.5 32.25 -18.5 32.25 -75 0 -75 0 -75 -64.5 -75 -64.5 -75 -80.625 -75 -96.75 -75 -129 -75 -80.625 -75 -96.75 
75 129 -9.25 16.125 -9.25 16.125 -37.5 0 -37.5 0 -37.5 -64.5 -37.5 -64.5 18.25 -96.75 18.25 -96.75 74 -129 
-74 129 37 -64.5 37 -64.5 18.25 -96.75 18.25 -96.75 -56.25 -96.75 -56.25 -96.75 -75 -64.5 -75 -64.5 -150 0 
-74 129 -75 -129 
-74 129 -74.5 16.125 -75 -96.75 -65.625 -112.875 -65.625 -112.875 74 -129 -74.5 16.125 -75 -96.75 
-150 0 -74.5 16.125 -74.5 16.125 -75 -129 
-150 0 -75 -80.625 -75 -80.625 -60.9375 -104.813 -60.9375 -104.813 74 -129 
-75 -129 74 -129 
#
0 0 75 129 
0 0 -9.25 16.125 -37 64.5 -74 129 -18.5 32.25 -37 64.5 -9.25 16.125 -18.5 32.25 
0 0 -37.5 0 -75 0 -112.5 0 -37.5 0 -75 0 -112.5 0 -131.25 0 -131.25 0 -150 0 
0 0 -37.5 -64.5 -37.5 -64.5 -75 -129 
0 0 37 -64.5 37 -64.5 74 -129 
75 129 -74 129 
75 129 -37 64.5 -37 64.5 -93.5 32.25 -93.5 32.25 -121.75 16.125 -121.75 16.125 -150 0 
75 129 -18.5 32.25 -18.5 32.25 -75 0 -75 0 -75 -129 
75 129 -9.25 16.125 -9.25 16.125 -37.5 0 -37.5 0 -37.5 -64.5 -37.5 -64.5 18.25 -96.75 18.25 -96.75 74 -129 
-74 129 -150 0 
-74 129 -93.5 32.25 -93.5 32.25 -112.5 0 -112.5 0 -75 -129 
-74 129 -121.75 16.125 -121.75 16.125 -131.25 0 -131.25 0 74 -129 
-150 0 37 -64.5 37 -64.5 18.25 -96.75 18.25 -96.75 -75 -129 
-150 0 74 -129 
-75 -129 74 -129 
#
0 0 75 129 
0 0 -9.25 16.125 -37 64.5 -74 129 -18.5 32.25 -37 64.5 -9.25 16.125 -18.5 32.25 
0 0 -37.5 0 -75 0 -112.5 0 -37.5 0 -75 0 -112.5 0 -131.25 0 -131.25 0 -150 0 
0 0 -37.5 -64.5 -37.5 -64.5 -75 -129 
0 0 74 -129 
75 129 -74 129 
75 129 -37 64.5 -37 64.5 -93.5 32.25 -93.5 32.25 -121.75 16.125 -121.75 16.125 -150 0 
75 129 -18.5 32.25 -18.5 32.25 -75 0 -75 0 -75 -129 
75 129 -9.25 16.125 -9.25 16.125 -37.5 0 -37.5 0 -37.5 -64.5 -37.5 -64.5 74 -129 
-74 129 -150 0 
-74 129 -93.5 32.25 -93.5 32.25 -112.5 0 -112.5 0 -75 -129 
-74 129 -121.75 16.125 -121.75 16.125 -131.25 0 -131.25 0 -28.625 -64.5 -28.625 -64.5 74 -129 
-150 0 -28.625 -64.5 -28.625 -64.5 -75 -129 
-150 0 74 -129 
-75 -129 74 -129 
#
0 0 75 129 
0 0 -9.25 16.125 -37 64.5 -74 129 -18.5 32.25 -37 64.5 -9.25 16.125 -18.5 32.25 
0 0 -37.5 0 -75 0 -112.5 0 -37.5 0 -75 0 -112.5 0 -150 0 
0 0 -37.5 -64.5 -37.5 -64.5 -75 -129 
0 0 37 -64.5 37 -64.5 74 -129 
75 129 -74 129 
75 129 -37 64.5 -37 64.5 -93.5 32.25 -93.5 32.25 -150 0 
75 129 -18.5 32.25 -18.5 32.25 -75 0 -75 0 -75 -129 
75 129 -9.25 16.125 -9.25 16.125 -37.5 0 -37.5 0 -37.5 -64.5 -37.5 -64.5 18.25 -96.75 18.25 -96.75 74 -129 
-74 129 37 -64.5 37 -64.5 18.25 -96.75 18.25 -96.75 -65.875 -48.375 -65.875 -48.375 -150 0 
-74 129 -93.5 32.25 -93.5 32.25 -112.5 0 -112.5 0 -75 -129 
-74 129 74 -129 
-150 0 -75 -129 
-150 0 74 -129 
-75 -129 -65.875 -48.375 -65.875 -48.375 74 -129 
#
0 0 75 129 
0 0 -9.25 16.125 -37 64.5 -74 129 -18.5 32.25 -37 64.5 -9.25 16.125 -18.5 32.25 
0 0 -37.5 0 -75 0 -112.5 0 -37.5 0 -75 0 -112.5 0 -131.25 0 -131.25 0 -150 0 
0 0 -37.5 -64.5 -37.5 -64.5 -75 -129 
0 0 37 -64.5 37 -64.5 74 -129 
75 129 -74 129 
75 129 -37 64.5 -37 64.5 -93.5 32.25 -93.5 32.25 -121.75 16.125 -121.75 16.125 -150 0 
75 129 -18.5 32.25 -18.5 32.25 -75 0 -75 0 -75 -129 
75 129 -9.25 16.125 -9.25 16.125 -37.5 0 -37.5 0 -37.5 -64.5 -37.5 -64.5 18.25 -96.75 18.25 -96.75 74 -129 
-74 129 37 -64.5 37 -64.5 18.25 -96.75 18.25 -96.75 -150 0 
-74 129 -93.5 32.25 -93.5 32.25 -112.5 0 -112.5 0 -75 -129 
-74 129 74 -129 
-150 0 -75 -129 
-150 0 74 -129 
-75 -129 -131.25 0 -131.25 0 -121.75 16.125 -121.75 16.125 74 -129 
#
0 0 75 129 
0 0 -9.25 16.125 -37 64.5 -74 129 -18.5 32.25 -37 64.5 -9.25 16.125 -18.5 32.25 
0 0 -75 0 -75 0 -150 0 
0 0 -18.75 -32.25 -37.5 -64.5 -75 -129 -18.75 -32.25 -28.125 -48.375 -28.125 -48.375 -32.8125 -56.4375 -32.8125 -56.4375 -37.5 -64.5 
0 0 37 -64.5 37 -64.5 55.5 -96.75 55.5 -96.75 74 -129 
75 129 -74 129 
75 129 -37 64.5 -37 64.5 -37.125 32.25 -37.5 -64.5 -150 0 -37.25 0 -37.5 -64.5 -37.125 32.25 -37.25 0 
75 129 -18.5 32.25 -18.5 32.25 -75 -129 
75 129 -9.25 16.125 -9.25 16.125 -75 0 -75 0 -18.75 -32.25 -18.75 -32.25 27.625 -80.625 27.625 -80.625 50.8125 -104.813 50.8125 -104.813 74 -129 
-74 129 37 -64.5 37 -64.5 27.625 -80.625 27.625 -80.625 -28.125 -48.375 -28.125 -48.375 -150 0 
-74 129 55.5 -96.75 55.5 -96.75 50.8125 -104.813 50.8125 -104.813 6.78125 -52.4063 -37.25 0 -75 -129 6.78125 -52.4063 -37.25 0 
-74 129 74 -129 
-150 0 -75 -129 
-150 0 -32.8125 -56.4375 -32.8125 -56.4375 6.78125 -52.4063 6.78125 -52.4063 74 -129 
-75 -129 -37.125 32.25 -37.125 32.25 74 -129 
#
0 0 75 129 
0 0 -9.25 16.125 -37 64.5 -74 129 -18.5 32.25 -37 64.5 -9.25 16.125 -18.5 32.25 
0 0 -37.5 0 -75 0 -112.5 0 -37.5 0 -75 0 -112.5 0 -150 0 
0 0 -37.5 -64.5 -37.5 -64.5 -56.25 -96.75 -56.25 -96.75 -75 -129 
0 0 74 -129 
75 129 -74 129 
75 129 -37 64.5 -37 64.5 -93.5 32.25 -93.5 32.25 -150 0 
75 129 -18.5 32.25 -18.5 32.25 -75 0 -75 0 -75 -64.5 -75 -64.5 -75 -129 
75 129 -9.25 16.125 -9.25 16.125 -37.5 0 -37.5 0 -37.5 -64.5 -37.5 -64.5 74 -129 
-74 129 -150 0 
-74 129 -93.5 32.25 -93.5 32.25 -112.5 0 -112.5 0 -93.75 -64.5 -93.75 -64.5 -75 -129 
-74 129 74 -129 
-150 0 -75 -129 
-150 0 -93.75 -64.5 -93.75 -64.5 -75 -64.5 -75 -64.5 -56.25 -96.75 -56.25 -96.75 74 -129 
-75 -129 74 -129 
#
0 0 75 129 
0 0 -9.25 16.125 -37 64.5 -74 129 -18.5 32.25 -37 64.5 -9.25 16.125 -18.5 32.25 
0 0 -37.5 0 -75 0 -112.5 0 -37.5 0 -75 0 -112.5 0 -150 0 
0 0 -37.5 -64.5 -37.5 -64.5 -75 -129 
0 0 37 -64.5 37 -64.5 74 -129 
75 129 -74 129 
75 129 -37 64.5 -37 64.5 -93.5 32.25 -93.5 32.25 -150 0 
75 129 -18.5 32.25 -18.5 32.25 -75 0 -75 0 -75 -129 
75 129 -9.25 16.125 -9.25 16.125 -37.5 0 -37.5 0 -37.5 -64.5 -37.5 -64.5 18.25 -96.75 18.25 -96.75 74 -129 
-74 129 -150 0 
-74 129 -93.5 32.25 -93.5 32.25 -112.5 0 -112.5 0 -75 -129 
-74 129 0 0 0 0 74 -129 
-150 0 0 0 0 0 37 -64.5 37 -64.5 18.25 -96.75 18.25 -96.75 -75 -129 
-150 0 74 -129 
-75 -129 74 -129 
#
0 0 75 129 
0 0 -9.25 16.125 -37 64.5 -74 129 -18.5 32.25 -37 64.5 -9.25 16.125 -18.5 32.25 
0 0 -37.5 0 -75 0 -112.5 0 -37.5 0 -75 0 -112.5 0 -150 0 
0 0 -37.5 -64.5 -37.5 -64.5 -75 -129 
0 0 74 -129 
75 129 -74 129 
75 129 -37 64.5 -37 64.5 -93.5 32.25 -93.5 32.25 -150 0 
75 129 -18.5 32.25 -18.5 32.25 -75 0 -75 0 -75 -129 
75 129 -9.25 16.125 -9.25 16.125 -37.5 0 -37.5 0 -37.5 -64.5 -37.5 -64.5 74 -129 
-74 129 -150 0 
-74 129 -93.5 32.25 -93.5 32.25 -112.5 0 -112.5 0 -75 -129 
-74 129 74 -129 
-150 0 -75 -129 
-150 0 74 -129 
-75 -129 74 -129 
#
0 0 75 129 
0 0 -9.25 16.125 -37 64.5 -74 129 -18.5 32.25 -37 64.5 -9.25 16.125 -18.5 32.25 
0 0 -37.5 0 -75 0 -150 0 -37.5 0 -75 0 
0 0 -37.5 -64.5 -37.5 -64.5 -56.25 -96.75 -56.25 -96.75 -75 -129 
0 0 37 -64.5 37 -64.5 74 -129 
75 129 -74 129 
75 129 -37 64.5 -37 64.5 -150 0 
75 129 -18.5 32.25 -18.5 32.25 -75 0 -75 0 -75 -64.5 -75 -64.5 -75 -129 
75 129 -9.25 16.125 -9.25 16.125 -37.5 0 -37.5 0 -37.5 -64.5 -37.5 -64.5 18.25 -96.75 18.25 -96.75 74 -129 
-74 129 -150 0 
-74 129 37 -64.5 37 -64.5 18.25 -96.75 18.25 -96.75 -28.375 -112.875 -28.375 -112.875 -75 -129 
-74 129 74 -129 
-150 0 -75 -129 
-150 0 -75 -64.5 -75 -64.5 -56.25 -96.75 -56.25 -96.75 -28.375 -112.875 -28.375 -112.875 74 -129 
-75 -129 74 -129 
#
0 0 75 129 
0 0 -9.25 16.125 -37 64.5 -74 129 -18.5 32.25 -37 64.5 -9.25 16.125 -18.5 32.25 
0 0 -37.5 0 -75 0 -150 0 -37.5 0 -75 0 
0 0 -37.5 -64.5 -37.5 -64.5 -56.25 -96.75 -56.25 -96.75 -65.625 -112.875 -65.625 -112.875 -75 -129 
0 0 37 -64.5 37 -64.5 74 -129 
75 129 -74 129 
75 129 -37 64.5 -37 64.5 -150 0 
75 129 -18.5 32.25 -18.5 32.25 -75 0 -75 0 -75 -64.5 -75 -64.5 -75 -96.75 -75 -96.75 -75 -129 
75 129 -9.25 16.125 -9.25 16.125 -37.5 0 -37.5 0 -37.5 -64.5 -37.5 -64.5 18.25 -96.75 18.25 -96.75 74 -129 
-74 129 37 -64.5 37 -64.5 18.25 -96.75 18.25 -96.75 -56.25 -96.75 -56.25 -96.75 -75 -64.5 -75 -64.5 -150 0 
-74 129 -75 -129 
-74 129 74 -129 
-150 0 -75 -129 
-150 0 -75 -96.75 -75 -96.75 -65.625 -112.875 -65.625 -112.875 74 -129 
-75 -129 74 -129 
#
0 0 75 129 
0 0 -18.5 32.25 -37 64.5 -74 129 -18.5 32.25 -27.75 48.375 -27.75 48.375 -37 64.5 
0 0 -75 0 -75 0 -93.75 0 -112.5 0 -150 0 -93.75 0 -112.5 0 
0 0 -75 -129 
0 0 18.5 -32.25 37 -64.5 55.5 -96.75 18.5 -32.25 37 -64.5 55.5 -96.75 74 -129 
75 129 -74 129 
75 129 -37 64.5 -37 64.5 -18.5 32.25 37 -64.5 -150 0 0 0 37 -64.5 -18.5 32.25 0 0 
75 129 -18.5 32.25 -18.5 32.25 -75 0 -75 0 -75 -129 
75 129 -27.75 48.375 -27.75 48.375 74 -129 
-74 129 18.5 -32.25 18.5 -32.25 -150 0 
-74 129 0 0 0 0 55.5 -96.75 55.5 -96.75 -28.5 -48.375 -112.5 0 -75 -129 -28.5 -48.375 -112.5 0 
-74 129 -18.5 32.25 -18.5 32.25 74 -129 
-150 0 -75 -129 
-150 0 -28.5 -48.375 -28.5 -48.375 74 -129 
-75 -129 -93.75 0 -93.75 0 74 -129 
#
0 0 75 129 
0 0 -9.25 16.125 -37 64.5 -74 129 -18.5 32.25 -37 64.5 -9.25 16.125 -18.5 32.25 
0 0 -37.5 0 -75 0 -150 0 -37.5 0 -56.25 0 -56.25 0 -75 0 
0 0 -37.5 -64.5 -37.5 -64.5 -56.25 -96.75 -56.25 -96.75 -75 -129 
0 0 74 -129 
75 129 -74 129 
75 129 -37 64.5 -37 64.5 -93.5 32.25 -93.5 32.25 -150 0 
75 129 -18.5 32.25 -18.5 32.25 -46.75 16.125 -75 0 -75 -129 -46.75 16.125 -75 0 
75 129 -9.25 16.125 -9.25 16.125 -37.5 0 -37.5 0 -37.5 -64.5 -37.5 -64.5 74 -129 
-74 129 -150 0 
-74 129 -74.5 0 -74.5 0 -75 -129 
-74 129 -93.5 32.25 -93.5 32.25 -46.75 16.125 -46.75 16.125 -56.25 0 -56.25 0 -56.25 -96.75 -56.25 -96.75 74 -129 
-150 0 -75 -129 
-150 0 -74.5 0 -74.5 0 74 -129 
-75 -129 74 -129 
#
0 0 75 129 
0 0 -9.25 16.125 -37 64.5 -74 129 -18.5 32.25 -37 64.5 -9.25 16.125 -18.5 32.25 
0 0 -37.5 0 -75 0 -150 0 -37.5 0 -56.25 0 -56.25 0 -75 0 
0 0 -75 -129 
0 0 18.5 -32.25 37 -64.5 74 -129 18.5 -32.25 27.75 -48.375 27.75 -48.375 37 -64.5 
75 129 -74 129 
75 129 -37 64.5 -37 64.5 -93.5 32.25 -93.5 32.25 -150 0 
75 129 -18.5 32.25 -18.5 32.25 -46.75 16.125 -75 0 -19 -32.25 37 -64.5 -75 -129 -46.75 16.125 -75 0 -19 -32.25 37 -64.5 
75 129 -9.25 16.125 -9.25 16.125 -37.5 0 -37.5 0 74 -129 
-74 129 -150 0 
-74 129 18.5 -32.25 18.5 -32.25 -75 -129 
-74 129 -93.5 32.25 -93.5 32.25 -46.75 16.125 -46.75 16.125 -56.25 0 -56.25 0 74 -129 
-150 0 27.75 -48.375 27.75 -48.375 -75 -129 
-150 0 -19 -32.25 -19 -32.25 74 -129 
-75 -129 74 -129 
#
0 0 75 129 
0 0 -9.25 16.125 -37 64.5 -74 129 -18.5 32.25 -37 64.5 -9.25 16.125 -18.5 32.25 
0 0 -37.5 0 -75 0 -112.5 0 -37.5 0 -75 0 -112.5 0 -150 0 
0 0 -37.5 -64.5 -37.5 -64.5 -75 -129 
0 0 37 -64.5 37 -64.5 55.5 -96.75 55.5 -96.75 74 -129 
75 129 -74 129 
75 129 -37 64.5 -37 64.5 -93.5 32.25 -93.5 32.25 -150 0 
75 129 -18.5 32.25 -18.5 32.25 -75 0 -75 0 -75 -129 
75 129 -9.25 16.125 -9.25 16.125 -37.5 0 -37.5 0 -37.5 -64.5 -37.5 -64.5 18.25 -96.75 18.25 -96.75 46.125 -112.875 46.125 -112.875 74 -129 
-74 129 -150 0 
-74 129 37 -64.5 37 -64.5 18.25 -96.75 18.25 -96.75 -75 -129 
-74 129 -93.5 32.25 -93.5 32.25 -112.5 0 -112.5 0 74 -129 
-150 0 55.5 -96.75 55.5 -96.75 46.125 -112.875 46.125 -112.875 -75 -129 
-150 0 74 -129 
-75 -129 74 -129 
#
0 0 75 129 
0 0 -9.25 16.125 -37 64.5 -74 129 -18.5 32.25 -37 64.5 -9.25 16.125 -18.5 32.25 
0 0 -37.5 0 -75 0 -112.5 0 -37.5 0 -75 0 -112.5 0 -150 0 
0 0 -37.5 -64.5 -37.5 -64.5 -75 -129 
0 0 37 -64.5 37 -64.5 74 -129 
75 129 -74 129 
75 129 -37 64.5 -37 64.5 -93.5 32.25 -93.5 32.25 -150 0 
75 129 -18.5 32.25 -18.5 32.25 -75 0 -75 0 -75 -129 
75 129 -9.25 16.125 -9.25 16.125 -37.5 0 -37.5 0 -37.5 -64.5 -37.5 -64.5 18.25 -96.75 18.25 -96.75 74 -129 
-74 129 -150 0 
-74 129 37 -64.5 37 -64.5 18.25 -96.75 18.25 -96.75 -75 -129 
-74 129 -93.5 32.25 -93.5 32.25 -112.5 0 -112.5 0 -19.25 -64.5 -19.25 -64.5 74 -129 
-150 0 -19.25 -64.5 -19.25 -64.5 -75 -129 
-150 0 74 -129 
-75 -129 74 -129 
#
0 0 75 129 
0 0 -18.5 32.25 -37 64.5 -74 129 -18.5 32.25 -27.75 48.375 -27.75 48.375 -37 64.5 
0 0 -75 0 -75 0 -93.75 0 -112.5 0 -150 0 -93.75 0 -112.5 0 
0 0 -75 -129 
0 0 37 -64.5 37 -64.5 74 -129 
75 129 -74 129 
75 129 -37 64.5 -37 64.5 -93.5 32.25 -93.5 32.25 -150 0 
75 129 -18.5 32.25 -18.5 32.25 -75 0 -75 0 -75 -129 
75 129 -27.75 48.375 -27.75 48.375 -70.125 24.1875 -112.5 0 74 -129 -70.125 24.1875 -112.5 0 
-74 129 -150 0 
-74 129 -93.5 32.25 -93.5 32.25 -70.125 24.1875 -70.125 24.1875 -93.75 0 -93.75 0 -75 -129 
-74 129 0 0 0 0 74 -129 
-150 0 0 0 0 0 37 -64.5 37 -64.5 -75 -129 
-150 0 74 -129 
-75 -129 74 -129 
#
0 0 75 129 
0 0 -18.5 32.25 -37 64.5 -74 129 -18.5 32.25 -27.75 48.375 -27.75 48.375 -37 64.5 
0 0 -75 0 -75 0 -93.75 0 -112.5 0 -150 0 -93.75 0 -112.5 0 
0 0 -75 -129 
0 0 74 -129 
75 129 -74 129 
75 129 -37 64.5 -37 64.5 -93.5 32.25 -93.5 32.25 -150 0 
75 129 -18.5 32.25 -18.5 32.25 -75 0 -75 0 -75 -129 
75 129 -27.75 48.375 -27.75 48.375 -70.125 24.1875 -112.5 0 -19.25 -64.5 -70.125 24.1875 -112.5 0 -19.25 -64.5 74 -129 
-74 129 -150 0 
-74 129 -93.5 32.25 -93.5 32.25 -70.125 24.1875 -70.125 24.1875 -93.75 0 -93.75 0 -75 -129 
-74 129 74 -129 
-150 0 -19.25 -64.5 -19.25 -64.5 -75 -129 
-150 0 74 -129 
-75 -129 74 -129 
#
0 0 75 129 
0 0 -18.5 32.25 -37 64.5 -74 129 -18.5 32.25 -27.75 48.375 -27.75 48.375 -37 64.5 
0 0 -75 0 -75 0 -112.5 0 -112.5 0 -131.25 0 -131.25 0 -150 0 
0 0 -75 -129 
0 0 37 -64.5 37 -64.5 55.5 -96.75 55.5 -96.75 74 -129 
75 129 -74 129 
75 129 -37 64.5 -37 64.5 -93.5 32.25 -93.5 32.25 -150 0 
75 129 -18.5 32.25 -18.5 32.25 -75 0 -75 0 -75 -129 
75 129 -27.75 48.375 -27.75 48.375 -112.5 0 -112.5 0 74 -129 
-74 129 -150 0 
-74 129 37 -64.5 37 -64.5 -75 -129 
-74 129 -93.5 32.25 -93.5 32.25 -131.25 0 -131.25 0 74 -129 
-150 0 55.5 -96.75 55.5 -96.75 -75 -129 
-150 0 74 -129 
-75 -129 74 -129 
#
0 0 75 129 
0 0 -18.5 32.25 -37 64.5 -74 129 -18.5 32.25 -27.75 48.375 -27.75 48.375 -37 64.5 
0 0 -75 0 -75 0 -112.5 0 -112.5 0 -131.25 0 -131.25 0 -150 0 
0 0 -75 -129 
0 0 37 -64.5 37 -64.5 74 -129 
75 129 -74 129 
75 129 -37 64.5 -37 64.5 -93.5 32.25 -93.5 32.25 -150 0 
75 129 -18.5 32.25 -18.5 32.25 -75 0 -75 0 -75 -129 
75 129 -27.75 48.375 -27.75 48.375 -112.5 0 -112.5 0 -19.25 -64.5 -19.25 -64.5 74 -129 
-74 129 -150 0 
-74 129 37 -64.5 37 -64.5 -75 -129 
-74 129 -93.5 32.25 -93.5 32.25 -131.25 0 -131.25 0 -28.625 -64.5 -28.625 -64.5 74 -129 
-150 0 -28.625 -64.5 -28.625 -64.5 -19.25 -64.5 -19.25 -64.5 -75 -129 
-150 0 74 -129 
-75 -129 74 -129 
#
0 0 75 129 
0 0 -37 64.5 -37 64.5 -46.25 80.625 -55.5 96.75 -74 129 -46.25 80.625 -55.5 96.75 
0 0 -150 0 
0 0 -37.5 -64.5 -37.5 -64.5 -56.25 -96.75 -56.25 -96.75 -75 -129 
0 0 37 -64.5 37 -64.5 55.5 -96.75 55.5 -96.75 74 -129 
75 129 37 -64.5 37 -64.5 -37.5 -64.5 -37.5 -64.5 -74 129 
75 129 -37 64.5 -37 64.5 -150 0 
75 129 55.5 -96.75 55.5 -96.75 -9.75 -112.875 -9.75 -112.875 -75 -129 
75 129 74 -129 
-74 129 -150 0 
-74 129 -75 -129 
-74 129 -56.25 -96.75 -56.25 -96.75 -9.75 -112.875 -9.75 -112.875 74 -129 
-150 0 -55.5 96.75 -55.5 96.75 -75 -129 
-150 0 -46.25 80.625 -46.25 80.625 74 -129 
-75 -129 74 -129 
#
0 0 75 129 
0 0 -74 129 
0 0 -150 0 
0 0 -37.5 -64.5 -37.5 -64.5 -56.25 -96.75 -56.25 -96.75 -75 -129 
0 0 37 -64.5 37 -64.5 55.5 -96.75 55.5 -96.75 74 -129 
75 129 -74 129 
75 129 37 -64.5 37 -64.5 -37.5 -64.5 -37.5 -64.5 -150 0 
75 129 55.5 -96.75 55.5 -96.75 -9.75 -112.875 -9.75 -112.875 -75 -129 
75 129 74 -129 
-74 129 -150 0 
-74 129 -75 -129 
-74 129 74 -129 
-150 0 -75 -129 
-150 0 -56.25 -96.75 -56.25 -96.75 -9.75 -112.875 -9.75 -112.875 74 -129 
-75 -129 74 -129 
#
0 0 75 129 
0 0 -18.5 32.25 -37 64.5 -55.5 96.75 -55.5 96.75 -74 129 -18.5 32.25 -37 64.5 
0 0 -75 0 -75 0 -150 0 
0 0 -37.5 -64.5 -37.5 -64.5 -46.875 -80.625 -56.25 -96.75 -75 -129 -46.875 -80.625 -56.25 -96.75 
0 0 74 -129 
75 129 -74 129 
75 129 -37 64.5 -37 64.5 -150 0 
75 129 -55.5 96.75 -55.5 96.75 -65.25 -16.125 -65.25 -16.125 -70.125 -72.5625 -70.125 -72.5625 -75 -129 
75 129 -18.5 32.25 -18.5 32.25 -75 0 -75 0 -37.5 -64.5 -37.5 -64.5 74 -129 
-74 129 -65.25 -16.125 -65.25 -16.125 -150 0 
-74 129 -75 -129 
-74 129 -70.125 -72.5625 -70.125 -72.5625 -63.1875 -84.6563 -56.25 -96.75 74 -129 -63.1875 -84.6563 -56.25 -96.75 
-150 0 -63.1875 -84.6563 -63.1875 -84.6563 -75 -129 
-150 0 -46.875 -80.625 -46.875 -80.625 74 -129 
-75 -129 74 -129 
#
0 0 75 129 
0 0 -9.25 16.125 -37 64.5 -74 129 -18.5 32.25 -37 64.5 -9.25 16.125 -18.5 32.25 
0 0 -37.5 0 -75 0 -150 0 -37.5 0 -75 0 
0 0 -37.5 -64.5 -37.5 -64.5 -56.25 -96.75 -56.25 -96.75 -75 -129 
0 0 37 -64.5 37 -64.5 55.5 -96.75 55.5 -96.75 64.75 -112.875 64.75 -112.875 74 -129 
75 129 -74 129 
75 129 -37 64.5 -37 64.5 -150 0 
75 129 -18.5 32.25 -18.5 32.25 -75 0 -75 0 -75 -64.5 -75 -64.5 -75 -129 
75 129 -9.25 16.125 -9.25 16.125 -37.5 0 -37.5 0 -37.5 -64.5 -37.5 -64.5 18.25 -96.75 18.25 -96.75 46.125 -112.875 46.125 -112.875 60.0625 -120.938 60.0625 -120.938 74 -129 
-74 129 37 -64.5 37 -64.5 18.25 -96.75 18.25 -96.75 -56.25 -96.75 -56.25 -96.75 -75 -64.5 -75 -64.5 -150 0 
-74 129 55.5 -96.75 55.5 -96.75 46.125 -112.875 46.125 -112.875 -75 -129 
-74 129 0 0 0 0 74 -129 
-150 0 0 0 0 0 64.75 -112.875 64.75 -112.875 60.0625 -120.938 60.0625 -120.938 -75 -129 
-150 0 74 -129 
-75 -129 74 -129 
#
0 0 75 129 
0 0 -9.25 16.125 -37 64.5 -74 129 -18.5 32.25 -37 64.5 -9.25 16.125 -18.5 32.25 
0 0 -37.5 0 -75 0 -150 0 -37.5 0 -75 0 
0 0 -37.5 -64.5 -37.5 -64.5 -75 -129 
0 0 18.5 -32.25 37 -64.5 74 -129 18.5 -32.25 27.75 -48.375 27.75 -48.375 32.375 -56.4375 32.375 -56.4375 37 -64.5 
75 129 -74 129 
75 129 -37 64.5 -37 64.5 -150 0 
75 129 -18.5 32.25 -18.5 32.25 -75 0 -75 0 -19 -32.25 37 -64.5 -75 -129 -19 -32.25 -5 -40.3125 9 -48.375 37 -64.5 -5 -40.3125 9 -48.375 
75 129 -9.25 16.125 -9.25 16.125 -37.5 0 -37.5 0 18.25 -64.5 18.25 -64.5 74 -129 
-74 129 18.5 -32.25 18.5 -32.25 -37.5 -64.5 -37.5 -64.5 18.25 -64.5 18.25 -64.5 -19 -32.25 -19 -32.25 -150 0 
-74 129 27.75 -48.375 27.75 -48.375 -75 -129 
-74 129 -32.5 40.3125 9 -48.375 74 -129 -32.5 40.3125 9 -48.375 
-150 0 -32.5 40.3125 -32.5 40.3125 32.375 -56.4375 32.375 -56.4375 -75 -129 
-150 0 -5 -40.3125 -5 -40.3125 74 -129 
-75 -129 74 -129 
#
0 0 75 129 
0 0 -9.25 16.125 -37 64.5 -74 129 -18.5 32.25 -37 64.5 -9.25 16.125 -18.5 32.25 
0 0 -37.5 0 -75 0 -150 0 -37.5 0 -75 0 
0 0 -37.5 -64.5 -37.5 -64.5 -56.25 -96.75 -56.25 -96.75 -75 -129 
0 0 37 -64.5 37 -64.5 55.5 -96.75 55.5 -96.75 74 -129 
75 129 -74 129 
75 129 -37 64.5 -37 64.5 -150 0 
75 129 -18.5 32.25 -18.5 32.25 -75 0 -75 0 -75 -64.5 -75 -64.5 -75 -129 
75 129 -9.25 16.125 -9.25 16.125 -37.5 0 -37.5 0 -37.5 -64.5 -37.5 -64.5 18.25 -96.75 18.25 -96.75 46.125 -112.875 46.125 -112.875 74 -129 
-74 129 37 -64.5 37 -64.5 18.25 -96.75 18.25 -96.75 -56.25 -96.75 -56.25 -96.75 -75 -64.5 -75 -64.5 -150 0 
-74 129 55.5 -96.75 55.5 -96.75 46.125 -112.875 46.125 -112.875 -75 -129 
-74 129 74 -129 
-150 0 -75 -129 
-150 0 74 -129 
-75 -129 74 -129 
#
0 0 75 129 
0 0 -9.25 16.125 -37 64.5 -74 129 -18.5 32.25 -37 64.5 -9.25 16.125 -18.5 32.25 
0 0 -37.5 0 -75 0 -112.5 0 -37.5 0 -75 0 -112.5 0 -150 0 
0 0 -37.5 -64.5 -37.5 -64.5 -56.25 -96.75 -56.25 -96.75 -75 -129 
0 0 37 -64.5 37 -64.5 55.5 -96.75 55.5 -96.75 74 -129 
75 129 -74 129 
75 129 -37 64.5 -37 64.5 -93.5 32.25 -93.5 32.25 -150 0 
75 129 -18.5 32.25 -18.5 32.25 -75 0 -75 0 -75 -64.5 -75 -64.5 -75 -129 
75 129 -9.25 16.125 -9.25 16.125 -37.5 0 -37.5 0 -37.5 -64.5 -37.5 -64.5 18.25 -96.75 18.25 -96.75 46.125 -112.875 46.125 -112.875 74 -129 
-74 129 37 -64.5 37 -64.5 18.25 -96.75 18.25 -96.75 -56.25 -96.75 -56.25 -96.75 -75 -64.5 -75 -64.5 -112.5 -32.25 -112.5 -32.25 -150 0 
-74 129 55.5 -96.75 55.5 -96.75 46.125 -112.875 46.125 -112.875 -75 -129 
-74 129 74 -129 
-150 0 -75 -129 
-150 0 74 -129 
-75 -129 -112.5 -32.25 -112.5 -32.25 -112.5 0 -112.5 0 -93.5 32.25 -93.5 32.25 74 -129 
#
0 0 75 129 
0 0 -9.25 16.125 -37 64.5 -74 129 -18.5 32.25 -37 64.5 -9.25 16.125 -18.5 32.25 
0 0 -37.5 0 -75 0 -150 0 -37.5 0 -75 0 
0 0 -37.5 -64.5 -37.5 -64.5 -56.25 -96.75 -56.25 -96.75 -75 -129 
0 0 37 -64.5 37 -64.5 74 -129 
75 129 -74 129 
75 129 -37 64.5 -37 64.5 -150 0 
75 129 -18.5 32.25 -18.5 32.25 -75 0 -75 0 -75 -64.5 -75 -64.5 -75 -129 
75 129 -9.25 16.125 -9.25 16.125 -37.5 0 -37.5 0 -37.5 -64.5 -37.5 -64.5 18.25 -96.75 18.25 -96.75 74 -129 
-74 129 37 -64.5 37 -64.5 18.25 -96.75 18.25 -96.75 -56.25 -96.75 -56.25 -96.75 -75 -64.5 -75 -64.5 -150 0 
-74 129 -74.5 0 -74.5 0 -75 -129 
-74 129 74 -129 
-150 0 -75 -129 
-150 0 -74.5 0 -74.5 0 74 -129 
-75 -129 74 -129 
#
0 0 75 129 
0 0 -9.25 16.125 -37 64.5 -74 129 -18.5 32.25 -37 64.5 -9.25 16.125 -18.5 32.25 
0 0 -37.5 0 -75 0 -112.5 0 -37.5 0 -75 0 -112.5 0 -150 0 
0 0 -37.5 -64.5 -37.5 -64.5 -75 -129 
0 0 37 -64.5 37 -64.5 74 -129 
75 129 -74 129 
75 129 -37 64.5 -37 64.5 -93.5 32.25 -93.5 32.25 -150 0 
75 129 -18.5 32.25 -18.5 32.25 -75 0 -75 0 -75 -129 
75 129 -9.25 16.125 -9.25 16.125 -37.5 0 -37.5 0 -37.5 -64.5 -37.5 -64.5 18.25 -96.75 18.25 -96.75 74 -129 
-74 129 -112 64.5 -112 64.5 -150 0 
-74 129 37 -64.5 37 -64.5 18.25 -96.75 18.25 -96.75 -75 -129 
-74 129 74 -129 
-150 0 -75 -129 
-150 0 74 -129 
-75 -129 -112.5 0 -112.5 0 -93.5 32.25 -93.5 32.25 -112 64.5 -112 64.5 74 -129 
#
0 0 75 129 
0 0 -9.25 16.125 -37 64.5 -74 129 -18.5 32.25 -37 64.5 -9.25 16.125 -18.5 32.25 
0 0 -37.5 0 -75 0 -112.5 0 -37.5 0 -75 0 -112.5 0 -150 0 
0 0 -37.5 -64.5 -37.5 -64.5 -75 -129 
0 0 18.5 -32.25 37 -64.5 74 -129 18.5 -32.25 37 -64.5 
75 129 -74 129 
75 129 -37 64.5 -37 64.5 -93.5 32.25 -93.5 32.25 -150 0 
75 129 -18.5 32.25 -18.5 32.25 -75 0 -75 0 -75 -129 
75 129 -9.25 16.125 -9.25 16.125 -37.5 0 -37.5 0 -37.5 -64.5 -37.5 -64.5 -9.625 -80.625 18.25 -96.75 74 -129 -9.625 -80.625 18.25 -96.75 
-74 129 37 -64.5 37 -64.5 18.25 -96.75 18.25 -96.75 -150 0 
-74 129 18.5 -32.25 18.5 -32.25 -9.625 -80.625 -9.625 -80.625 -75 -129 
-74 129 74 -129 
-150 0 -75 -129 
-150 0 74 -129 
-75 -129 -112.5 0 -112.5 0 -93.5 32.25 -93.5 32.25 74 -129 
#
0 0 75 129 
0 0 -18.5 32.25 -37 64.5 -74 129 -18.5 32.25 -27.75 48.375 -27.75 48.375 -37 64.5 
0 0 -75 0 -75 0 -112.5 0 -112.5 0 -150 0 
0 0 -37.5 -64.5 -37.5 -64.5 -75 -129 
0 0 37 -64.5 37 -64.5 55.5 -96.75 55.5 -96.75 64.75 -112.875 64.75 -112.875 74 -129 
75 129 -74 129 
75 129 -37 64.5 -37 64.5 -150 0 
75 129 -18.5 32.25 -18.5 32.25 -75 0 -75 0 -75 -64.5 -75 -64.5 -75 -129 
75 129 -27.75 48.375 -27.75 48.375 -112.5 0 -112.5 0 -19.25 -64.5 -19.25 -64.5 74 -129 
-74 129 37 -64.5 37 -64.5 -37.5 -64.5 -37.5 -64.5 -75 -64.5 -75 -64.5 -19.25 -64.5 -19.25 -64.5 -150 0 
-74 129 55.5 -96.75 55.5 -96.75 -75 -129 
-74 129 0 0 0 0 74 -129 
-150 0 0 0 0 0 64.75 -112.875 64.75 -112.875 -75 -129 
-150 0 74 -129 
-75 -129 74 -129 
#
0 0 75 129 
0 0 -18.5 32.25 -37 64.5 -74 129 -18.5 32.25 -27.75 48.375 -27.75 48.375 -37 64.5 
0 0 -75 0 -75 0 -112.5 0 -112.5 0 -150 0 
0 0 -37.5 -64.5 -37.5 -64.5 -75 -129 
0 0 37 -64.5 37 -64.5 55.5 -96.75 55.5 -96.75 74 -129 
75 129 -74 129 
75 129 -37 64.5 -37 64.5 -150 0 
75 129 -18.5 32.25 -18.5 32.25 -75 0 -75 0 -75 -64.5 -75 -64.5 -75 -129 
75 129 -27.75 48.375 -27.75 48.375 -112.5 0 -112.5 0 -19.25 -64.5 -19.25 -64.5 27.375 -96.75 27.375 -96.75 74 -129 
-74 129 37 -64.5 37 -64.5 -37.5 -64.5 -37.5 -64.5 -75 -64.5 -75 -64.5 -19.25 -64.5 -19.25 -64.5 -150 0 
-74 129 55.5 -96.75 55.5 -96.75 -75 -129 
-74 129 74 -129 
-150 0 27.375 -96.75 27.375 -96.75 -75 -129 
-150 0 74 -129 
-75 -129 74 -129 
#
0 0 75 129 
0 0 -18.5 32.25 -37 64.5 -74 129 -18.5 32.25 -27.75 48.375 -27.75 48.375 -37 64.5 
0 0 -75 0 -75 0 -150 0 
0 0 -37.5 -64.5 -37.5 -64.5 -75 -129 
0 0 18.5 -32.25 37 -64.5 74 -129 18.5 -32.25 27.75 -48.375 27.75 -48.375 37 -64.5 
75 129 -74 129 
75 129 -37 64.5 -37 64.5 0 0 37 -64.5 -56.5 -32.25 0 0 37 -64.5 -56.5 -32.25 -150 0 
75 129 -18.5 32.25 -18.5 32.25 -75 0 -75 0 -75 -64.5 -75 -64.5 -75 -129 
75 129 -27.75 48.375 -27.75 48.375 74 -129 
-74 129 18.5 -32.25 18.5 -32.25 -37.5 -64.5 -37.5 -64.5 -75 -64.5 -75 -64.5 -150 0 
-74 129 27.75 -48.375 27.75 -48.375 -75 -129 
-74 129 0 0 0 0 74 -129 
-150 0 -75 -129 
-150 0 74 -129 
-75 -129 -56.5 -32.25 -56.5 -32.25 74 -129 
#
0 0 75 129 
0 0 -18.5 32.25 -37 64.5 -74 129 -18.5 32.25 -27.75 48.375 -27.75 48.375 -37 64.5 
0 0 -75 0 -75 0 -112.5 0 -112.5 0 -150 0 
0 0 -37.5 -64.5 -37.5 -64.5 -75 -129 
0 0 18.5 -32.25 37 -64.5 74 -129 18.5 -32.25 27.75 -48.375 27.75 -48.375 37 -64.5 
75 129 -74 129 
75 129 -37 64.5 -37 64.5 0 0 37 -64.5 -150 0 0 0 37 -64.5 
75 129 -18.5 32.25 -18.5 32.25 -75 0 -75 0 -75 -64.5 -75 -64.5 -75 -129 
75 129 -27.75 48.375 -27.75 48.375 74 -129 
-74 129 18.5 -32.25 18.5 -32.25 -37.5 -64.5 -37.5 -64.5 -75 -64.5 -75 -64.5 -112.5 -32.25 -112.5 -32.25 -150 0 
-74 129 27.75 -48.375 27.75 -48.375 -75 -129 
-74 129 0 0 0 0 74 -129 
-150 0 -75 -129 
-150 0 74 -129 
-75 -129 -112.5 -32.25 -112.5 -32.25 -112.5 0 -112.5 0 74 -129 
#
0 0 75 129 
0 0 -9.25 16.125 -37 64.5 -74 129 -18.5 32.25 -37 64.5 -9.25 16.125 -18.5 32.25 
0 0 -37.5 0 -75 0 -150 0 -37.5 0 -75 0 
0 0 -75 -129 
0 0 9.25 -16.125 37 -64.5 55.5 -96.75 55.5 -96.75 74 -129 18.5 -32.25 37 -64.5 9.25 -16.125 18.5 -32.25 
75 129 -74 129 
75 129 -37 64.5 -37 64.5 0 0 37 -64.5 -150 0 0 0 37 -64.5 
75 129 -18.5 32.25 -18.5 32.25 18.5 -32.25 55.5 -96.75 -9.75 -48.375 -75 0 -75 -129 18.5 -32.25 55.5 -96.75 -9.75 -48.375 -75 0 
75 129 -9.25 16.125 -9.25 16.125 74 -129 
-74 129 18.5 -32.25 18.5 -32.25 -150 0 
-74 129 9.25 -16.125 9.25 -16.125 -75 -129 
-74 129 0 0 0 0 18.5 -32.25 18.5 -32.25 74 -129 
-150 0 -75 -129 
-150 0 -9.75 -48.375 -9.75 -48.375 74 -129 
-75 -129 -37.5 0 -37.5 0 74 -129 
#
0 0 75 129 
0 0 -37 64.5 -37 64.5 -74 129 
0 0 -37.5 0 -75 0 -112.5 0 -37.5 0 -56.25 0 -56.25 0 -75 0 -112.5 0 -150 0 
0 0 -75 -129 
0 0 37 -64.5 37 -64.5 55.5 -96.75 55.5 -96.75 64.75 -112.875 64.75 -112.875 74 -129 
75 129 37 -64.5 37 -64.5 -19 -32.25 -75 0 -74 129 -19 -32.25 -47 -16.125 -47 -16.125 -75 0 
75 129 55.5 -96.75 55.5 -96.75 -150 0 
75 129 -37 64.5 -37 64.5 -37.5 0 -37.5 0 -75 -129 
75 129 74.5 0 74.5 0 74 -129 
-74 129 74.5 0 74.5 0 64.75 -112.875 64.75 -112.875 -150 0 
-74 129 -56.25 0 -56.25 0 -75 -129 
-74 129 74 -129 
-150 0 -19 -32.25 -19 -32.25 -75 -129 
-150 0 74 -129 
-75 -129 -47 -16.125 -47 -16.125 -112.5 0 -112.5 0 74 -129 
#
0 0 75 129 
0 0 -37 64.5 -37 64.5 -46.25 80.625 -55.5 96.75 -74 129 -46.25 80.625 -55.5 96.75 
0 0 -75 0 -75 0 -150 0 
0 0 -37.5 -64.5 -37.5 -64.5 -75 -129 
0 0 18.5 -32.25 37 -64.5 74 -129 18.5 -32.25 27.75 -48.375 27.75 -48.375 37 -64.5 
75 129 -74 129 
75 129 -37 64.5 -37 64.5 -93.5 32.25 -93.5 32.25 -150 0 
75 129 -55.5 96.75 -55.5 96.75 -9.25 16.125 37 -64.5 -75 -129 -9.25 16.125 37 -64.5 
75 129 -46.25 80.625 -46.25 80.625 74 -129 
-74 129 18.5 -32.25 18.5 -32.25 -37.5 -64.5 -37.5 -64.5 -93.75 -32.25 -93.75 -32.25 -150 0 
-74 129 27.75 -48.375 27.75 -48.375 -75 -129 
-74 129 -9.25 16.125 -9.25 16.125 74 -129 
-150 0 -75 -129 
-150 0 74 -129 
-75 -129 -93.75 -32.25 -93.75 -32.25 -75 0 -75 0 -93.5 32.25 -93.5 32.25 74 -129 
#
0 0 75 129 
0 0 -37 64.5 -37 64.5 -46.25 80.625 -55.5 96.75 -74 129 -46.25 80.625 -55.5 96.75 
0 0 -150 0 
0 0 -37.5 -64.5 -37.5 -64.5 -75 -129 
0 0 18.5 -32.25 37 -64.5 74 -129 18.5 -32.25 27.75 -48.375 27.75 -48.375 37 -64.5 
75 129 -74 129 
75 129 -37 64.5 -37 64.5 -150 0 
75 129 -55.5 96.75 -55.5 96.75 -9.25 16.125 37 -64.5 -75 -129 -9.25 16.125 37 -64.5 
75 129 -46.25 80.625 -46.25 80.625 74 -129 
-74 129 18.5 -32.25 18.5 -32.25 -37.5 -64.5 -37.5 -64.5 -150 0 
-74 129 27.75 -48.375 27.75 -48.375 -75 -129 
-74 129 -9.25 16.125 -9.25 16.125 74 -129 
-150 0 -75 -129 
-150 0 74 -129 
-75 -129 74 -129 
#
0 0 75 129 
0 0 -18.5 32.25 -37 64.5 -74 129 -18.5 32.25 -27.75 48.375 -27.75 48.375 -37 64.5 
0 0 -75 0 -75 0 -150 0 
0 0 -75 -129 
0 0 9.25 -16.125 37 -64.5 74 -129 18.5 -32.25 37 -64.5 9.25 -16.125 18.5 -32.25 
75 129 -74 129 
75 129 -37 64.5 -37 64.5 0 0 37 -64.5 -56.5 -32.25 0 0 37 -64.5 -56.5 -32.25 -150 0 
75 129 -18.5 32.25 -18.5 32.25 -75 0 -75 0 -75 -129 
75 129 -27.75 48.375 -27.75 48.375 74 -129 
-74 129 18.5 -32.25 18.5 -32.25 -65.75 -16.125 -65.75 -16.125 -150 0 
-74 129 9.25 -16.125 9.25 -16.125 -75 -129 
-74 129 0 0 0 0 74 -129 
-150 0 -75 -129 
-150 0 74 -129 
-75 -129 -65.75 -16.125 -65.75 -16.125 -56.5 -32.25 -56.5 -32.25 74 -129 
#
0 0 75 129 
0 0 -18.5 32.25 -37 64.5 -74 129 -18.5 32.25 -27.75 48.375 -27.75 48.375 -37 64.5 
0 0 -75 0 -75 0 -112.5 0 -112.5 0 -150 0 
0 0 -75 -129 
0 0 9.25 -16.125 37 -64.5 74 -129 18.5 -32.25 37 -64.5 9.25 -16.125 18.5 -32.25 
75 129 -74 129 
75 129 -37 64.5 -37 64.5 0 0 37 -64.5 -150 0 0 0 37 -64.5 
75 129 -18.5 32.25 -18.5 32.25 -75 0 -75 0 -75 -129 
75 129 -27.75 48.375 -27.75 48.375 74 -129 
-74 129 18.5 -32.25 18.5 -32.25 -150 0 
-74 129 9.25 -16.125 9.25 -16.125 -75 -129 
-74 129 0 0 0 0 74 -129 
-150 0 -75 -129 
-150 0 74 -129 
-75 -129 -112.5 0 -112.5 0 74 -129 
#
0 0 75 129 
0 0 -9.25 16.125 -37 64.5 -55.5 96.75 -18.5 32.25 -37 64.5 -9.25 16.125 -18.5 32.25 -55.5 96.75 -74 129 
0 0 -37.5 0 -75 0 -150 0 -37.5 0 -75 0 
0 0 -37.5 -64.5 -37.5 -64.5 -75 -129 
0 0 37 -64.5 37 -64.5 74 -129 
75 129 0.5 129 0.5 129 -74 129 
75 129 -37 64.5 -37 64.5 -150 0 
75 129 -18.5 32.25 -18.5 32.25 -75 0 -75 0 -75 -129 
75 129 -9.25 16.125 -9.25 16.125 -37.5 0 -37.5 0 -37.5 -64.5 -37.5 -64.5 18.25 -96.75 18.25 -96.75 74 -129 
-74 129 -150 0 
-74 129 -18.5 32.25 37 -64.5 18.25 -96.75 18.25 -96.75 -75 -129 -18.5 32.25 37 -64.5 
-74 129 74 -129 
-150 0 -75 -129 
-150 0 -55.5 96.75 -55.5 96.75 0.5 129 0.5 129 -18.5 32.25 -18.5 32.25 74 -129 
-75 -129 74 -129 
#
0 0 75 129 
0 0 -9.25 16.125 -37 64.5 -74 129 -18.5 32.25 -37 64.5 -9.25 16.125 -18.5 32.25 
0 0 -75 0 -75 0 -150 0 
0 0 -18.75 -32.25 -37.5 -64.5 -75 -129 -18.75 -32.25 -28.125 -48.375 -28.125 -48.375 -32.8125 -56.4375 -32.8125 -56.4375 -37.5 -64.5 
0 0 37 -64.5 37 -64.5 74 -129 
75 129 -74 129 
75 129 -37 64.5 -37 64.5 -37.25 0 -37.5 -64.5 -150 0 -37.25 0 -37.375 -32.25 -37.375 -32.25 -37.5 -64.5 
75 129 -18.5 32.25 -18.5 32.25 -75 -129 
75 129 -9.25 16.125 -9.25 16.125 -75 0 -75 0 -18.75 -32.25 -18.75 -32.25 27.625 -80.625 27.625 -80.625 74 -129 
-74 129 37 -64.5 37 -64.5 27.625 -80.625 27.625 -80.625 -28.125 -48.375 -28.125 -48.375 -150 0 
-74 129 -37.25 0 -37.25 0 -75 -129 
-74 129 74 -129 
-150 0 -75 -129 
-150 0 -32.8125 -56.4375 -32.8125 -56.4375 74 -129 
-75 -129 -37.375 -32.25 -37.375 -32.25 74 -129 
#
0 0 75 129 
0 0 -18.5 32.25 -37 64.5 -55.5 96.75 -18.5 32.25 -27.75 48.375 -27.75 48.375 -37 64.5 -55.5 96.75 -74 129 
0 0 -75 0 -75 0 -112.5 0 -112.5 0 -150 0 
0 0 -75 -129 
0 0 37 -64.5 37 -64.5 74 -129 
75 129 0.5 129 0.5 129 -74 129 
75 129 -37 64.5 -37 64.5 -150 0 
75 129 -18.5 32.25 -18.5 32.25 -75 0 -75 0 -75 -129 
75 129 -27.75 48.375 -27.75 48.375 -112.5 0 -112.5 0 -19.25 -64.5 -19.25 -64.5 74 -129 
-74 129 -150 0 
-74 129 -46.625 32.25 -19.25 -64.5 -75 -129 -46.625 32.25 -19.25 -64.5 
-74 129 74 -129 
-150 0 -55.5 96.75 -55.5 96.75 0.5 129 0.5 129 37 -64.5 37 -64.5 -75 -129 
-150 0 -46.625 32.25 -46.625 32.25 74 -129 
-75 -129 74 -129 
#
0 0 75 129 
0 0 -9.25 16.125 -37 64.5 -55.5 96.75 -18.5 32.25 -37 64.5 -9.25 16.125 -18.5 32.25 -55.5 96.75 -74 129 
0 0 -37.5 0 -75 0 -150 0 -37.5 0 -75 0 
0 0 -37.5 -64.5 -37.5 -64.5 -75 -129 
0 0 37 -64.5 37 -64.5 74 -129 
75 129 0.5 129 0.5 129 -74 129 
75 129 -37 64.5 -37 64.5 -150 0 
75 129 -18.5 32.25 -18.5 32.25 -75 0 -75 0 -75 -129 
75 129 -9.25 16.125 -9.25 16.125 -37.5 0 -37.5 0 -37.5 -64.5 -37.5 -64.5 18.25 -96.75 18.25 -96.75 74 -129 
-74 129 -150 0 
-74 129 -74.5 0 -74.5 0 -75 -129 
-74 129 74 -129 
-150 0 -55.5 96.75 -55.5 96.75 0.5 129 0.5 129 37 -64.5 37 -64.5 18.25 -96.75 18.25 -96.75 -75 -129 
-150 0 -74.5 0 -74.5 0 74 -129 
-75 -129 74 -129 
#
0 0 75 129 
0 0 -37 64.5 -37 64.5 -74 129 
0 0 -150 0 
0 0 -37.5 -64.5 -37.5 -64.5 -75 -129 
0 0 37 -64.5 37 -64.5 55.5 -96.75 55.5 -96.75 64.75 -112.875 64.75 -112.875 74 -129 
75 129 37 -64.5 37 -64.5 -37.5 -64.5 -37.5 -64.5 -55.75 32.25 -55.75 32.25 -64.875 80.625 -64.875 80.625 -74 129 
75 129 -37 64.5 -37 64.5 -150 0 
75 129 55.5 -96.75 55.5 -96.75 -75 -129 
75 129 74.5 0 74.5 0 74 -129 
-74 129 -150 0 
-74 129 74.5 0 74.5 0 64.75 -112.875 64.75 -112.875 -75 -129 
-74 129 74 -129 
-150 0 -55.75 32.25 -55.75 32.25 -75 -129 
-150 0 -64.875 80.625 -64.875 80.625 74 -129 
-75 -129 74 -129 
#
0 0 37.5 64.5 37.5 64.5 75 129 
0 0 -18.5 32.25 -37 64.5 -55.5 96.75 -55.5 96.75 -74 129 -18.5 32.25 -27.75 48.375 -27.75 48.375 -37 64.5 
0 0 -75 0 -75 0 -150 0 
0 0 -37.5 -64.5 -37.5 -64.5 -56.25 -96.75 -56.25 -96.75 -75 -129 
0 0 74 -129 
75 129 -74 129 
75 129 -37 64.5 -37 64.5 -150 0 
75 129 -55.5 96.75 -55.5 96.75 -65.25 -16.125 -65.25 -16.125 -75 -129 
75 129 28.25 80.625 -18.5 32.25 -75 0 -75 0 -37.5 -64.5 -37.5 -64.5 74 -129 28.25 80.625 -18.5 32.25 
-74 129 -65.25 -16.125 -65.25 -16.125 -150 0 
-74 129 -75 -129 
-74 129 0 0 0 0 74 -129 
-150 0 -27.75 48.375 -27.75 48.375 28.25 80.625 28.25 80.625 37.5 64.5 37.5 64.5 0 0 0 0 -75 -129 
-150 0 -56.25 -96.75 -56.25 -96.75 74 -129 
-75 -129 74 -129 
#
0 0 75 129 
0 0 -18.5 32.25 -37 64.5 -74 129 -18.5 32.25 -23.125 40.3125 -27.75 48.375 -37 64.5 -23.125 40.3125 -27.75 48.375 
0 0 -75 0 -75 0 -112.5 0 -112.5 0 -150 0 
0 0 -75 -129 
0 0 37 -64.5 37 -64.5 55.5 -96.75 55.5 -96.75 74 -129 
75 129 37 -64.5 37 -64.5 -74 129 
75 129 55.5 -96.75 55.5 -96.75 9.25 -16.125 -37 64.5 -150 0 9.25 -16.125 -37 64.5 
75 129 -18.5 32.25 -18.5 32.25 -75 0 -75 0 -75 -129 
75 129 74 -129 
-74 129 -150 0 
-74 129 -75 -129 
-74 129 9.25 -16.125 9.25 -16.125 74 -129 
-150 0 -75 -129 
-150 0 -27.75 48.375 -27.75 48.375 74 -129 
-75 -129 -112.5 0 -112.5 0 -23.125 40.3125 -23.125 40.3125 74 -129 
#
0 0 75 129 
0 0 -18.5 32.25 -37 64.5 -55.5 96.75 -18.5 32.25 -27.75 48.375 -27.75 48.375 -37 64.5 -55.5 96.75 -74 129 
0 0 -75 0 -75 0 -112.5 0 -112.5 0 -150 0 
0 0 -75 -129 
0 0 74 -129 
75 129 0.5 129 0.5 129 -74 129 
75 129 -37 64.5 -37 64.5 -150 0 
75 129 -18.5 32.25 -18.5 32.25 -75 0 -75 0 -75 -129 
75 129 -27.75 48.375 -27.75 48.375 -112.5 0 -112.5 0 -65.875 -32.25 -19.25 -64.5 74 -129 -65.875 -32.25 -19.25 -64.5 
-74 129 -150 0 
-74 129 -19.25 -64.5 -19.25 -64.5 -75 -129 
-74 129 74 -129 
-150 0 -65.875 -32.25 -65.875 -32.25 -75 -129 
-150 0 -55.5 96.75 -55.5 96.75 0.5 129 0.5 129 74 -129 
-75 -129 74 -129 
#
0 0 75 129 
0 0 -9.25 16.125 -37 64.5 -74 129 -18.5 32.25 -37 64.5 -9.25 16.125 -18.5 32.25 
0 0 -150 0 
0 0 -18.75 -32.25 -37.5 -64.5 -46.875 -80.625 -56.25 -96.75 -75 -129 -18.75 -32.25 -37.5 -64.5 -46.875 -80.625 -56.25 -96.75 
0 0 18.5 -32.25 37 -64.5 74 -129 18.5 -32.25 37 -64.5 
75 129 -74 129 
75 129 -37 64.5 -37 64.5 0 0 37 -64.5 -37.5 -64.5 -37.5 -64.5 -150 0 0 0 18.5 -32.25 18.5 -32.25 37 -64.5 
75 129 -18.5 32.25 -18.5 32.25 -75 -129 
75 129 -9.25 16.125 -9.25 16.125 -32.75 -40.3125 -56.25 -96.75 74 -129 -32.75 -40.3125 -56.25 -96.75 
-74 129 18.5 -32.25 18.5 -32.25 -18.75 -32.25 -18.75 -32.25 -150 0 
-74 129 0 0 0 0 -75 -129 
-74 129 18.5 -32.25 18.5 -32.25 74 -129 
-150 0 -32.75 -40.3125 -32.75 -40.3125 -75 -129 
-150 0 -46.875 -80.625 -46.875 -80.625 74 -129 
-75 -129 74 -129 
#
0 0 75 129 
0 0 -9.25 16.125 -37 64.5 -74 129 -18.5 32.25 -37 64.5 -9.25 16.125 -18.5 32.25 
0 0 -37.5 0 -75 0 -150 0 -37.5 0 -75 0 
0 0 -37.5 -64.5 -37.5 -64.5 -75 -129 
0 0 37 -64.5 37 -64.5 74 -129 
75 129 -74 129 
75 129 -37 64.5 -37 64.5 -150 0 
75 129 -18.5 32.25 -18.5 32.25 -75 0 -75 0 -75 -129 
75 129 -9.25 16.125 -9.25 16.125 -37.5 0 -37.5 0 -37.5 -64.5 -37.5 -64.5 18.25 -96.75 18.25 -96.75 74 -129 
-74 129 -150 0 
-74 129 37 -64.5 37 -64.5 18.25 -96.75 18.25 -96.75 -75 -129 
-74 129 74 -129 
-150 0 -75 -129 
-150 0 74 -129 
-75 -129 74 -129 
#
0 0 75 129 
0 0 -18.5 32.25 -37 64.5 -55.5 96.75 -18.5 32.25 -27.75 48.375 -27.75 48.375 -37 64.5 -55.5 96.75 -74 129 
0 0 -75 0 -75 0 -112.5 0 -112.5 0 -150 0 
0 0 -75 -129 
0 0 18.5 -32.25 37 -64.5 74 -129 18.5 -32.25 37 -64.5 
75 129 0.5 129 0.5 129 -74 129 
75 129 -37 64.5 -37 64.5 -150 0 
75 129 -18.5 32.25 -18.5 32.25 -75 0 -75 0 -75 -129 
75 129 -27.75 48.375 -27.75 48.375 -112.5 0 -112.5 0 74 -129 
-74 129 -150 0 
-74 129 37 -64.5 37 -64.5 -75 -129 
-74 129 74 -129 
-150 0 -55.5 96.75 -55.5 96.75 0.5 129 0.5 129 18.5 -32.25 18.5 -32.25 -75 -129 
-150 0 74 -129 
-75 -129 74 -129 
#
0 0 75 129 
0 0 -9.25 16.125 -37 64.5 -55.5 96.75 -18.5 32.25 -37 64.5 -9.25 16.125 -18.5 32.25 -55.5 96.75 -74 129 
0 0 -37.5 0 -75 0 -150 0 -37.5 0 -75 0 
0 0 -37.5 -64.5 -37.5 -64.5 -75 -129 
0 0 18.5 -32.25 37 -64.5 74 -129 18.5 -32.25 37 -64.5 
75 129 0.5 129 0.5 129 -74 129 
75 129 -37 64.5 -37 64.5 -150 0 
75 129 -18.5 32.25 -18.5 32.25 -75 0 -75 0 -75 -129 
75 129 -9.25 16.125 -9.25 16.125 -37.5 0 -37.5 0 -37.5 -64.5 -37.5 -64.5 -9.625 -80.625 18.25 -96.75 74 -129 -9.625 -80.625 18.25 -96.75 
-74 129 -150 0 
-74 129 37 -64.5 37 -64.5 18.25 -96.75 18.25 -96.75 -75 -129 
-74 129 74 -129 
-150 0 -55.5 96.75 -55.5 96.75 0.5 129 0.5 129 18.5 -32.25 18.5 -32.25 -9.625 -80.625 -9.625 -80.625 -75 -129 
-150 0 74 -129 
-75 -129 74 -129 
#
0 0 75 129 
0 0 -18.5 32.25 -37 64.5 -55.5 96.75 -55.5 96.75 -74 129 -18.5 32.25 -37 64.5 
0 0 -75 0 -75 0 -150 0 
0 0 -37.5 -64.5 -37.5 -64.5 -56.25 -96.75 -56.25 -96.75 -65.625 -112.875 -65.625 -112.875 -75 -129 
0 0 37 -64.5 37 -64.5 74 -129 
75 129 -74 129 
75 129 -37 64.5 -37 64.5 -150 0 
75 129 -55.5 96.75 -55.5 96.75 -75 -129 
75 129 -18.5 32.25 -18.5 32.25 -75 0 -75 0 -37.5 -64.5 -37.5 -64.5 18.25 -96.75 18.25 -96.75 74 -129 
-74 129 37 -64.5 37 -64.5 18.25 -96.75 18.25 -96.75 -56.25 -96.75 -56.25 -96.75 -150 0 
-74 129 -75 -129 
-74 129 74 -129 
-150 0 -75 -129 
-150 0 -65.625 -112.875 -65.625 -112.875 74 -129 
-75 -129 74 -129 
#
0 0 75 129 
0 0 -18.5 32.25 -37 64.5 -55.5 96.75 -18.5 32.25 -27.75 48.375 -27.75 48.375 -37 64.5 -55.5 96.75 -74 129 
0 0 -75 0 -75 0 -150 0 
0 0 -75 -129 
0 0 37 -64.5 37 -64.5 55.5 -96.75 55.5 -96.75 74 -129 
75 129 37 -64.5 37 -64.5 -74 129 
75 129 55.5 -96.75 55.5 -96.75 9.25 -16.125 -37 64.5 -150 0 9.25 -16.125 -13.875 24.1875 -13.875 24.1875 -37 64.5 
75 129 -18.5 32.25 -18.5 32.25 -75 0 -75 0 -75 -129 
75 129 74 -129 
-74 129 -112 64.5 -112 64.5 -150 0 
-74 129 -75 -129 
-74 129 9.25 -16.125 9.25 -16.125 74 -129 
-150 0 -75 -129 
-150 0 -27.75 48.375 -27.75 48.375 74 -129 
-75 -129 -112 64.5 -112 64.5 -55.5 96.75 -55.5 96.75 -13.875 24.1875 -13.875 24.1875 74 -129 
#
0 0 75 129 
0 0 -9.25 16.125 -37 64.5 -74 129 -18.5 32.25 -37 64.5 -9.25 16.125 -18.5 32.25 
0 0 -37.5 0 -75 0 -150 0 -37.5 0 -75 0 
0 0 -37.5 -64.5 -37.5 -64.5 -75 -129 
0 0 18.5 -32.25 37 -64.5 74 -129 18.5 -32.25 37 -64.5 
75 129 -74 129 
75 129 -37 64.5 -37 64.5 -150 0 
75 129 -18.5 32.25 -18.5 32.25 -75 0 -75 0 -75 -129 
75 129 -9.25 16.125 -9.25 16.125 -37.5 0 -37.5 0 -37.5 -64.5 -37.5 -64.5 -9.625 -80.625 18.25 -96.75 74 -129 -9.625 -80.625 18.25 -96.75 
-74 129 37 -64.5 37 -64.5 18.25 -96.75 18.25 -96.75 -65.875 -48.375 -65.875 -48.375 -150 0 
-74 129 18.5 -32.25 18.5 -32.25 -9.625 -80.625 -9.625 -80.625 -75 -129 
-74 129 74 -129 
-150 0 -75 -129 
-150 0 74 -129 
-75 -129 -65.875 -48.375 -65.875 -48.375 74 -129 
#
0 0 75 129 
0 0 -18.5 32.25 -37 64.5 -74 129 -18.5 32.25 -27.75 48.375 -27.75 48.375 -37 64.5 
0 0 -75 0 -75 0 -112.5 0 -112.5 0 -150 0 
0 0 -75 -129 
0 0 18.5 -32.25 37 -64.5 74 -129 18.5 -32.25 37 -64.5 
75 129 -74 129 
75 129 -37 64.5 -37 64.5 -150 0 
75 129 -18.5 32.25 -18.5 32.25 -75 0 -75 0 -75 -129 
75 129 -27.75 48.375 -27.75 48.375 -112.5 0 -112.5 0 -65.875 -32.25 -19.25 -64.5 74 -129 -65.875 -32.25 -19.25 -64.5 
-74 129 37 -64.5 37 -64.5 8.875 -64.5 -19.25 -64.5 -150 0 8.875 -64.5 -19.25 -64.5 
-74 129 18.5 -32.25 18.5 -32.25 -75 -129 
-74 129 74 -129 
-150 0 -65.875 -32.25 -65.875 -32.25 -75 -129 
-150 0 74 -129 
-75 -129 8.875 -64.5 8.875 -64.5 74 -129 
#
0 0 75 129 
0 0 -9.25 16.125 -37 64.5 -55.5 96.75 -18.5 32.25 -37 64.5 -9.25 16.125 -18.5 32.25 -55.5 96.75 -74 129 
0 0 -75 0 -75 0 -150 0 
0 0 -18.75 -32.25 -37.5 -64.5 -75 -129 -18.75 -32.25 -28.125 -48.375 -28.125 -48.375 -32.8125 -56.4375 -32.8125 -56.4375 -37.5 -64.5 
0 0 37 -64.5 37 -64.5 74 -129 
75 129 0.5 129 0.5 129 -74 129 
75 129 -37 64.5 -37 64.5 -37.125 32.25 -37.5 -64.5 -150 0 -37.25 0 -37.5 -64.5 -37.125 32.25 -37.25 0 
75 129 -18.5 32.25 -18.5 32.25 -75 -129 
75 129 -9.25 16.125 -9.25 16.125 -75 0 -75 0 -18.75 -32.25 -18.75 -32.25 27.625 -80.625 27.625 -80.625 74 -129 
-74 129 -18.5 32.25 37 -64.5 27.625 -80.625 27.625 -80.625 -28.125 -48.375 -28.125 -48.375 -150 0 -18.5 32.25 37 -64.5 
-74 129 -37.25 0 -37.25 0 -75 -129 
-74 129 74 -129 
-150 0 -75 -129 
-150 0 -32.8125 -56.4375 -32.8125 -56.4375 74 -129 
-75 -129 -37.125 32.25 -37.125 32.25 -55.5 96.75 -55.5 96.75 0.5 129 0.5 129 -18.5 32.25 -18.5 32.25 74 -129 
#
0 0 75 129 
0 0 -18.5 32.25 -37 64.5 -55.5 96.75 -55.5 96.75 -74 129 -18.5 32.25 -37 64.5 
0 0 -75 0 -75 0 -150 0 
0 0 -37.5 -64.5 -37.5 -64.5 -56.25 -96.75 -56.25 -96.75 -75 -129 
0 0 37 -64.5 37 -64.5 74 -129 
75 129 -74 129 
75 129 -37 64.5 -37 64.5 -150 0 
75 129 -55.5 96.75 -55.5 96.75 -65.25 -16.125 -65.25 -16.125 -75 -129 
75 129 -18.5 32.25 -18.5 32.25 -75 0 -75 0 -37.5 -64.5 -37.5 -64.5 18.25 -96.75 18.25 -96.75 74 -129 
-74 129 37 -64.5 37 -64.5 18.25 -96.75 18.25 -96.75 -56.25 -96.75 -56.25 -96.75 -150 0 
-74 129 -74.5 0 -74.5 0 -75 -129 
-74 129 74 -129 
-150 0 -75 -129 
-150 0 -65.25 -16.125 -65.25 -16.125 -74.5 0 -74.5 0 74 -129 
-75 -129 74 -129 
#
0 0 75 129 
0 0 -18.5 32.25 -37 64.5 -74 129 -18.5 32.25 -27.75 48.375 -27.75 48.375 -37 64.5 
0 0 -150 0 
0 0 -18.75 -32.25 -37.5 -64.5 -75 -129 -18.75 -32.25 -37.5 -64.5 
0 0 18.5 -32.25 37 -64.5 55.5 -96.75 18.5 -32.25 37 -64.5 55.5 -96.75 74 -129 
75 129 -74 129 
75 129 -37 64.5 -37 64.5 -18.5 32.25 37 -64.5 -37.5 -64.5 -37.5 -64.5 -150 0 0 0 37 -64.5 -18.5 32.25 0 0 
75 129 -18.5 32.25 -18.5 32.25 -46.75 -48.375 -46.75 -48.375 -75 -129 
75 129 -27.75 48.375 -27.75 48.375 74 -129 
-74 129 18.5 -32.25 18.5 -32.25 -18.75 -32.25 -18.75 -32.25 -150 0 
-74 129 0 0 0 0 55.5 -96.75 55.5 -96.75 -75 -129 
-74 129 -18.5 32.25 -18.5 32.25 74 -129 
-150 0 -75 -129 
-150 0 -46.75 -48.375 -46.75 -48.375 74 -129 
-75 -129 74 -129 
#
0 0 75 129 
0 0 -37 64.5 -37 64.5 -74 129 
0 0 -37.5 0 -75 0 -93.75 0 -37.5 0 -56.25 0 -112.5 0 -150 0 -56.25 0 -75 0 -93.75 0 -112.5 0 
0 0 -75 -129 
0 0 37 -64.5 37 -64.5 55.5 -96.75 55.5 -96.75 74 -129 
75 129 37 -64.5 37 -64.5 -19 -32.25 -75 0 -74 129 -19 -32.25 -47 -16.125 -47 -16.125 -75 0 
75 129 -150 0 
75 129 -37 64.5 -37 64.5 -37.5 0 -37.5 0 -75 -129 
75 129 -18.75 64.5 -112.5 0 74 -129 -18.75 64.5 -112.5 0 
-74 129 -18.75 64.5 -18.75 64.5 -150 0 
-74 129 -56.25 0 -56.25 0 -75 -129 
-74 129 -93.75 0 -93.75 0 74 -129 
-150 0 55.5 -96.75 55.5 -96.75 -19 -32.25 -19 -32.25 -75 -129 
-150 0 74 -129 
-75 -129 -47 -16.125 -47 -16.125 74 -129 
#
0 0 75 129 
0 0 -37 64.5 -37 64.5 -46.25 80.625 -55.5 96.75 -64.75 112.875 -46.25 80.625 -55.5 96.75 -64.75 112.875 -74 129 
0 0 -150 0 
0 0 -18.75 -32.25 -37.5 -64.5 -56.25 -96.75 -56.25 -96.75 -75 -129 -18.75 -32.25 -37.5 -64.5 
0 0 74 -129 
75 129 0.5 129 0.5 129 -74 129 
75 129 -37 64.5 -37 64.5 -150 0 
75 129 -55.5 96.75 -55.5 96.75 -75 -129 
75 129 -46.25 80.625 -46.25 80.625 -44.0625 44.3438 -37.5 -64.5 74 -129 -41.875 8.0625 -37.5 -64.5 -44.0625 44.3438 -41.875 8.0625 
-74 129 -56.25 -96.75 -56.25 -96.75 -41.875 8.0625 -41.875 8.0625 -150 0 
-74 129 -75 -129 
-74 129 74 -129 
-150 0 -44.0625 44.3438 -44.0625 44.3438 -75 -129 
-150 0 -18.75 -32.25 -18.75 -32.25 74 -129 
-75 -129 -64.75 112.875 -64.75 112.875 0.5 129 0.5 129 74 -129 
#
0 0 75 129 
0 0 -18.5 32.25 -37 64.5 -55.5 96.75 -55.5 96.75 -74 129 -18.5 32.25 -37 64.5 
0 0 -75 0 -75 0 -150 0 
0 0 -37.5 -64.5 -37.5 -64.5 -75 -129 
0 0 37 -64.5 37 -64.5 74 -129 
75 129 -74 129 
75 129 -37 64.5 -37 64.5 -150 0 
75 129 -55.5 96.75 -55.5 96.75 -65.25 -16.125 -65.25 -16.125 -70.125 -72.5625 -70.125 -72.5625 -75 -129 
75 129 -18.5 32.25 -18.5 32.25 -75 0 -75 0 -37.5 -64.5 -37.5 -64.5 18.25 -96.75 18.25 -96.75 74 -129 
-74 129 -65.25 -16.125 -65.25 -16.125 -150 0 
-74 129 37 -64.5 37 -64.5 18.25 -96.75 18.25 -96.75 -75 -129 
-74 129 74 -129 
-150 0 -75 -129 
-150 0 -70.125 -72.5625 -70.125 -72.5625 74 -129 
-75 -129 74 -129 
#
0 0 75 129 
0 0 -9.25 16.125 -37 64.5 -74 129 -18.5 32.25 -37 64.5 -9.25 16.125 -18.5 32.25 
0 0 -37.5 0 -75 0 -150 0 -37.5 0 -75 0 
0 0 -37.5 -64.5 -37.5 -64.5 -75 -129 
0 0 37 -64.5 37 -64.5 55.5 -96.75 55.5 -96.75 74 -129 
75 129 -74 129 
75 129 -37 64.5 -37 64.5 -150 0 
75 129 -18.5 32.25 -18.5 32.25 -75 0 -75 0 -75 -129 
75 129 -9.25 16.125 -9.25 16.125 -37.5 0 -37.5 0 -37.5 -64.5 -37.5 -64.5 18.25 -96.75 18.25 -96.75 46.125 -112.875 46.125 -112.875 74 -129 
-74 129 -150 0 
-74 129 37 -64.5 37 -64.5 18.25 -96.75 18.25 -96.75 -75 -129 
-74 129 0 0 0 0 74 -129 
-150 0 0 0 0 0 55.5 -96.75 55.5 -96.75 46.125 -112.875 46.125 -112.875 -75 -129 
-150 0 74 -129 
-75 -129 74 -129 
#
0 0 75 129 
0 0 -18.5 32.25 -37 64.5 -55.5 96.75 -18.5 32.25 -27.75 48.375 -27.75 48.375 -37 64.5 -55.5 96.75 -64.75 112.875 -64.75 112.875 -74 129 
0 0 -75 0 -75 0 -112.5 0 -112.5 0 -150 0 
0 0 -75 -129 
0 0 37 -64.5 37 -64.5 74 -129 
75 129 0.5 129 0.5 129 -36.75 129 -36.75 129 -74 129 
75 129 -37 64.5 -37 64.5 -150 0 
75 129 -18.5 32.25 -18.5 32.25 -75 0 -75 0 -75 -129 
75 129 -27.75 48.375 -27.75 48.375 -112.5 0 -112.5 0 -19.25 -64.5 -19.25 -64.5 74 -129 
-74 129 -150 0 
-74 129 -19.25 -64.5 -19.25 -64.5 -75 -129 
-74 129 74 -129 
-150 0 -55.5 96.75 -55.5 96.75 0.5 129 0.5 129 37 -64.5 37 -64.5 -75 -129 
-150 0 -64.75 112.875 -64.75 112.875 -36.75 129 -36.75 129 74 -129 
-75 -129 74 -129 
#
0 0 75 129 
0 0 -9.25 16.125 -37 64.5 -74 129 -18.5 32.25 -37 64.5 -9.25 16.125 -18.5 32.25 
0 0 -37.5 0 -75 0 -150 0 -37.5 0 -75 0 
0 0 -37.5 -64.5 -37.5 -64.5 -75 -129 
0 0 74 -129 
75 129 -74 129 
75 129 -37 64.5 -37 64.5 -150 0 
75 129 -18.5 32.25 -18.5 32.25 -75 0 -75 0 -75 -129 
75 129 -9.25 16.125 -9.25 16.125 -37.5 0 -37.5 0 -37.5 -64.5 -37.5 -64.5 74 -129 
-74 129 -150 0 
-74 129 -74.5 0 -74.5 0 -75 -129 
-74 129 74 -129 
-150 0 -75 -129 
-150 0 -74.5 0 -74.5 0 74 -129 
-75 -129 74 -129 
#
0 0 75 129 
0 0 -18.5 32.25 -37 64.5 -74 129 -18.5 32.25 -27.75 48.375 -27.75 48.375 -37 64.5 
0 0 -75 0 -75 0 -112.5 0 -112.5 0 -150 0 
0 0 -75 -129 
0 0 37 -64.5 37 -64.5 55.5 -96.75 55.5 -96.75 74 -129 
75 129 -74 129 
75 129 -37 64.5 -37 64.5 -150 0 
75 129 -18.5 32.25 -18.5 32.25 -75 0 -75 0 -75 -129 
75 129 -27.75 48.375 -27.75 48.375 -112.5 0 -112.5 0 74 -129 
-74 129 -150 0 
-74 129 37 -64.5 37 -64.5 -75 -129 
-74 129 0 0 0 0 74 -129 
-150 0 0 0 0 0 55.5 -96.75 55.5 -96.75 -75 -129 
-150 0 74 -129 
-75 -129 74 -129 
#
0 0 75 129 
0 0 -18.5 32.25 -37 64.5 -74 129 -18.5 32.25 -27.75 48.375 -27.75 48.375 -37 64.5 
0 0 -75 0 -75 0 -112.5 0 -112.5 0 -150 0 
0 0 -75 -129 
0 0 37 -64.5 37 -64.5 74 -129 
75 129 -74 129 
75 129 -37 64.5 -37 64.5 -150 0 
75 129 -18.5 32.25 -18.5 32.25 -75 0 -75 0 -75 -129 
75 129 -27.75 48.375 -27.75 48.375 -112.5 0 -112.5 0 -19.25 -64.5 -19.25 -64.5 74 -129 
-74 129 -150 0 
-74 129 37 -64.5 37 -64.5 -75 -129 
-74 129 74 -129 
-150 0 -19.25 -64.5 -19.25 -64.5 -75 -129 
-150 0 74 -129 
-75 -129 74 -129 
#
0 0 75 129 
0 0 -18.5 32.25 -37 64.5 -74 129 -18.5 32.25 -27.75 48.375 -27.75 48.375 -37 64.5 
0 0 -75 0 -75 0 -112.5 0 -112.5 0 -150 0 
0 0 -75 -129 
0 0 74 -129 
75 129 -74 129 
75 129 -37 64.5 -37 64.5 -150 0 
75 129 -18.5 32.25 -18.5 32.25 -75 0 -75 0 -75 -129 
75 129 -27.75 48.375 -27.75 48.375 -112.5 0 -112.5 0 -65.875 -32.25 -19.25 -64.5 74 -129 -65.875 -32.25 -19.25 -64.5 
-74 129 -150 0 
-74 129 -46.625 32.25 -19.25 -64.5 -75 -129 -46.625 32.25 -19.25 -64.5 
-74 129 74 -129 
-150 0 -65.875 -32.25 -65.875 -32.25 -75 -129 
-150 0 -46.625 32.25 -46.625 32.25 74 -129 
-75 -129 74 -129 
#
0 0 75 129 
0 0 -37 64.5 -37 64.5 -46.25 80.625 -55.5 96.75 -74 129 -46.25 80.625 -55.5 96.75 
0 0 -150 0 
0 0 -37.5 -64.5 -37.5 -64.5 -75 -129 
0 0 37 -64.5 37 -64.5 55.5 -96.75 55.5 -96.75 74 -129 
75 129 37 -64.5 37 -64.5 -37.5 -64.5 -37.5 -64.5 -74 129 
75 129 -37 64.5 -37 64.5 -150 0 
75 129 55.5 -96.75 55.5 -96.75 -75 -129 
75 129 74 -129 
-74 129 -150 0 
-74 129 -75 -129 
-74 129 0 0 0 0 74 -129 
-150 0 -55.5 96.75 -55.5 96.75 0 0 0 0 -75 -129 
-150 0 -46.25 80.625 -46.25 80.625 74 -129 
-75 -129 74 -129 
#
0 0 75 129 
0 0 -74 129 
0 0 -75 0 -75 0 -150 0 
0 0 -37.5 -64.5 -37.5 -64.5 -56.25 -96.75 -56.25 -96.75 -75 -129 
0 0 37 -64.5 37 -64.5 55.5 -96.75 55.5 -96.75 74 -129 
75 129 37 -64.5 37 -64.5 -37.5 -64.5 -37.5 -64.5 -75 0 -75 0 -74 129 
75 129 18.75 96.75 -37.5 64.5 -150 0 18.75 96.75 -37.5 64.5 
75 129 55.5 -96.75 55.5 -96.75 -9.75 -112.875 -9.75 -112.875 -75 -129 
75 129 74 -129 
-74 129 -150 0 
-74 129 -37.5 64.5 -37.5 64.5 -75 -129 
-74 129 18.75 96.75 18.75 96.75 74 -129 
-150 0 -75 -129 
-150 0 -56.25 -96.75 -56.25 -96.75 -9.75 -112.875 -9.75 -112.875 74 -129 
-75 -129 74 -129 
#
0 0 75 129 
0 0 -74 129 
0 0 -75 0 -75 0 -112.5 0 -112.5 0 -150 0 
0 0 -37.5 -64.5 -37.5 -64.5 -75 -129 
0 0 37 -64.5 37 -64.5 55.5 -96.75 55.5 -96.75 64.75 -112.875 64.75 -112.875 74 -129 
75 129 37 -64.5 37 -64.5 -37.5 -64.5 -37.5 -64.5 -75 0 -75 0 -74 129 
75 129 -37.5 64.5 -37.5 64.5 -150 0 
75 129 55.5 -96.75 55.5 -96.75 -75 -129 
75 129 74.5 0 74.5 0 74 -129 
-74 129 -150 0 
-74 129 -112.5 0 -112.5 0 -75 -129 
-74 129 -37.5 64.5 -37.5 64.5 18.25 -32.25 18.25 -32.25 74 -129 
-150 0 18.25 -32.25 18.25 -32.25 74.5 0 74.5 0 64.75 -112.875 64.75 -112.875 -75 -129 
-150 0 74 -129 
-75 -129 74 -129 
#
0 0 75 129 
0 0 -74 129 
0 0 -75 0 -75 0 -112.5 0 -112.5 0 -150 0 
0 0 -37.5 -64.5 -37.5 -64.5 -75 -129 
0 0 37 -64.5 37 -64.5 55.5 -96.75 55.5 -96.75 74 -129 
75 129 37 -64.5 37 -64.5 -37.5 -64.5 -37.5 -64.5 -75 0 -75 0 -74 129 
75 129 -37.5 64.5 -37.5 64.5 -150 0 
75 129 55.5 -96.75 55.5 -96.75 -75 -129 
75 129 74 -129 
-74 129 -150 0 
-74 129 -112.5 0 -112.5 0 -75 -129 
-74 129 -37.5 64.5 -37.5 64.5 74 -129 
-150 0 -75 -129 
-150 0 74 -129 
-75 -129 74 -129 
#
0 0 75 129 
0 0 -74 129 
0 0 -75 0 -75 0 -112.5 0 -112.5 0 -150 0 
0 0 -37.5 -64.5 -37.5 -64.5 -56.25 -96.75 -56.25 -96.75 -75 -129 
0 0 37 -64.5 37 -64.5 55.5 -96.75 55.5 -96.75 74 -129 
75 129 37 -64.5 37 -64.5 -37.5 -64.5 -37.5 -64.5 -75 0 -75 0 -74 129 
75 129 -37.5 64.5 -37.5 64.5 -150 0 
75 129 55.5 -96.75 55.5 -96.75 -9.75 -112.875 -9.75 -112.875 -75 -129 
75 129 74 -129 
-74 129 -150 0 
-74 129 -112.5 0 -112.5 0 -93.75 -64.5 -93.75 -64.5 -75 -129 
-74 129 -37.5 64.5 -37.5 64.5 74 -129 
-150 0 -75 -129 
-150 0 -93.75 -64.5 -93.75 -64.5 -56.25 -96.75 -56.25 -96.75 -9.75 -112.875 -9.75 -112.875 74 -129 
-75 -129 74 -129 
#
0 0 75 129 
0 0 -18.5 32.25 -37 64.5 -55.5 96.75 -55.5 96.75 -74 129 -18.5 32.25 -37 64.5 
0 0 -75 0 -75 0 -150 0 
0 0 -37.5 -64.5 -37.5 -64.5 -46.875 -80.625 -56.25 -96.75 -75 -129 -46.875 -80.625 -56.25 -96.75 
0 0 74 -129 
75 129 -74 129 
75 129 -37 64.5 -37 64.5 -150 0 
75 129 -55.5 96.75 -55.5 96.75 -75 -129 
75 129 -18.5 32.25 -18.5 32.25 -75 0 -75 0 -37.5 -64.5 -37.5 -64.5 74 -129 
-74 129 -65.125 16.125 -56.25 -96.75 -150 0 -65.125 16.125 -56.25 -96.75 
-74 129 -75 -129 
-74 129 74 -129 
-150 0 -75 -129 
-150 0 -46.875 -80.625 -46.875 -80.625 74 -129 
-75 -129 -65.125 16.125 -65.125 16.125 74 -129 
#
0 0 75 129 
0 0 -18.5 32.25 -37 64.5 -55.5 96.75 -55.5 96.75 -74 129 -18.5 32.25 -37 64.5 
0 0 -75 0 -75 0 -150 0 
0 0 -37.5 -64.5 -37.5 -64.5 -56.25 -96.75 -56.25 -96.75 -75 -129 
0 0 74 -129 
75 129 -74 129 
75 129 -37 64.5 -37 64.5 -150 0 
75 129 -55.5 96.75 -55.5 96.75 -65.25 -16.125 -65.25 -16.125 -75 -129 
75 129 -18.5 32.25 -18.5 32.25 -75 0 -75 0 -37.5 -64.5 -37.5 -64.5 74 -129 
-74 129 -65.25 -16.125 -65.25 -16.125 -150 0 
-74 129 -75 -129 
-74 129 74 -129 
-150 0 -75 -129 
-150 0 -56.25 -96.75 -56.25 -96.75 74 -129 
-75 -129 74 -129 
#
0 0 75 129 
0 0 -37 64.5 -37 64.5 -46.25 80.625 -55.5 96.75 -74 129 -46.25 80.625 -55.5 96.75 
0 0 -150 0 
0 0 -18.75 -32.25 -37.5 -64.5 -75 -129 -18.75 -32.25 -28.125 -48.375 -28.125 -48.375 -37.5 -64.5 
0 0 37 -64.5 37 -64.5 74 -129 
75 129 -74 129 
75 129 -37 64.5 -37 64.5 -150 0 
75 129 -55.5 96.75 -55.5 96.75 -75 -129 
75 129 -46.25 80.625 -46.25 80.625 -41.875 8.0625 -37.5 -64.5 74 -129 -41.875 8.0625 -37.5 -64.5 
-74 129 37 -64.5 37 -64.5 -18.75 -32.25 -18.75 -32.25 -150 0 
-74 129 -75 -129 
-74 129 74 -129 
-150 0 -41.875 8.0625 -41.875 8.0625 -75 -129 
-150 0 -28.125 -48.375 -28.125 -48.375 74 -129 
-75 -129 74 -129 
#
0 0 75 129 
0 0 -37 64.5 -37 64.5 -55.5 96.75 -55.5 96.75 -74 129 
0 0 -150 0 
0 0 -37.5 -64.5 -37.5 -64.5 -75 -129 
0 0 37 -64.5 37 -64.5 55.5 -96.75 55.5 -96.75 64.75 -112.875 64.75 -112.875 74 -129 
75 129 37 -64.5 37 -64.5 -37.5 -64.5 -37.5 -64.5 -55.75 32.25 -55.75 32.25 -74 129 
75 129 -37 64.5 -37 64.5 -150 0 
75 129 55.5 -96.75 55.5 -96.75 -75 -129 
75 129 74.5 0 74.5 0 74 -129 
-74 129 -150 0 
-74 129 -74.5 0 -74.5 0 -75 -129 
-74 129 74 -129 
-150 0 -55.5 96.75 -55.5 96.75 74.5 0 74.5 0 64.75 -112.875 64.75 -112.875 -75 -129 
-150 0 -55.75 32.25 -55.75 32.25 -74.5 0 -74.5 0 74 -129 
-75 -129 74 -129 
#
0 0 75 129 
0 0 -37 64.5 -37 64.5 -55.5 96.75 -55.5 96.75 -74 129 
0 0 -150 0 
0 0 -18.75 -32.25 -37.5 -64.5 -75 -129 -18.75 -32.25 -37.5 -64.5 
0 0 37 -64.5 37 -64.5 55.5 -96.75 55.5 -96.75 74 -129 
75 129 37 -64.5 37 -64.5 -0.25 -64.5 -37.5 -64.5 -74 129 -0.25 -64.5 -37.5 -64.5 
75 129 -37 64.5 -37 64.5 -150 0 
75 129 55.5 -96.75 55.5 -96.75 -9.75 -112.875 -9.75 -112.875 -75 -129 
75 129 74 -129 
-74 129 -150 0 
-74 129 -75 -129 
-74 129 0 0 0 0 74 -129 
-150 0 -55.5 96.75 -55.5 96.75 0 0 0 0 -75 -129 
-150 0 -18.75 -32.25 -18.75 -32.25 -0.25 -64.5 -0.25 -64.5 -9.75 -112.875 -9.75 -112.875 74 -129 
-75 -129 74 -129 
#
0 0 75 129 
0 0 -37 64.5 -37 64.5 -55.5 96.75 -55.5 96.75 -74 129 
0 0 -150 0 
0 0 -37.5 -64.5 -37.5 -64.5 -75 -129 
0 0 37 -64.5 37 -64.5 55.5 -96.75 55.5 -96.75 74 -129 
75 129 37 -64.5 37 -64.5 -37.5 -64.5 -37.5 -64.5 -55.75 32.25 -55.75 32.25 -74 129 
75 129 -37 64.5 -37 64.5 -150 0 
75 129 55.5 -96.75 55.5 -96.75 -75 -129 
75 129 74 -129 
-74 129 -150 0 
-74 129 -75 -129 
-74 129 74 -129 
-150 0 -55.75 32.25 -55.75 32.25 -75 -129 
-150 0 -55.5 96.75 -55.5 96.75 74 -129 
-75 -129 74 -129 
#
0 0 75 129 
0 0 -37 64.5 -37 64.5 -74 129 
0 0 -150 0 
0 0 -37.5 -64.5 -37.5 -64.5 -75 -129 
0 0 37 -64.5 37 -64.5 55.5 -96.75 55.5 -96.75 74 -129 
75 129 37 -64.5 37 -64.5 -37.5 -64.5 -37.5 -64.5 -55.75 32.25 -55.75 32.25 -64.875 80.625 -64.875 80.625 -74 129 
75 129 -37 64.5 -37 64.5 -150 0 
75 129 55.5 -96.75 55.5 -96.75 -75 -129 
75 129 74 -129 
-74 129 -150 0 
-74 129 -74.5 0 -74.5 0 -75 -129 
-74 129 74 -129 
-150 0 -55.75 32.25 -55.75 32.25 -75 -129 
-150 0 -64.875 80.625 -64.875 80.625 -74.5 0 -74.5 0 74 -129 
-75 -129 74 -129 
#
0 0 75 129 
0 0 -37 64.5 -37 64.5 -74 129 
0 0 -150 0 
0 0 -18.75 -32.25 -37.5 -64.5 -75 -129 -18.75 -32.25 -37.5 -64.5 
0 0 37 -64.5 37 -64.5 55.5 -96.75 55.5 -96.75 74 -129 
75 129 37 -64.5 37 -64.5 -0.25 -64.5 -37.5 -64.5 -55.75 32.25 -55.75 32.25 -74 129 -0.25 -64.5 -37.5 -64.5 
75 129 -37 64.5 -37 64.5 -150 0 
75 129 55.5 -96.75 55.5 -96.75 -9.75 -112.875 -9.75 -112.875 -75 -129 
75 129 74 -129 
-74 129 -150 0 
-74 129 -75 -129 
-74 129 74 -129 
-150 0 -55.75 32.25 -55.75 32.25 -75 -129 
-150 0 -18.75 -32.25 -18.75 -32.25 -0.25 -64.5 -0.25 -64.5 -9.75 -112.875 -9.75 -112.875 74 -129 
-75 -129 74 -129 
#
0 0 75 129 
0 0 -37 64.5 -37 64.5 -55.5 96.75 -55.5 96.75 -74 129 
0 0 -75 0 -75 0 -93.75 0 -112.5 0 -131.25 0 -93.75 0 -112.5 0 -131.25 0 -150 0 
0 0 -75 -129 
0 0 74 -129 
75 129 -74 129 
75 129 -150 0 
75 129 -37 64.5 -37 64.5 -75 0 -75 0 -75 -129 
75 129 -55.5 96.75 -55.5 96.75 -84 48.375 -112.5 0 -19.25 -64.5 -84 48.375 -112.5 0 -19.25 -64.5 74 -129 
-74 129 -150 0 
-74 129 -84 48.375 -84 48.375 -93.75 0 -93.75 0 -75 -129 
-74 129 -131.25 0 -131.25 0 -28.625 -64.5 -28.625 -64.5 74 -129 
-150 0 -28.625 -64.5 -28.625 -64.5 -19.25 -64.5 -19.25 -64.5 -75 -129 
-150 0 74 -129 
-75 -129 74 -129 
#
0 0 75 129 
0 0 -37 64.5 -37 64.5 -55.5 96.75 -55.5 96.75 -74 129 
0 0 -75 0 -75 0 -112.5 0 -112.5 0 -150 0 
0 0 -75 -129 
0 0 37 -64.5 37 -64.5 55.5 -96.75 55.5 -96.75 74 -129 
75 129 -74 129 
75 129 37 -64.5 37 -64.5 -56.5 -32.25 -56.5 -32.25 -150 0 
75 129 -37 64.5 -37 64.5 -75 0 -75 0 -75 -129 
75 129 -55.5 96.75 -55.5 96.75 9.25 -16.125 9.25 -16.125 74 -129 
-74 129 55.5 -96.75 55.5 -96.75 -47.25 -48.375 -47.25 -48.375 -150 0 
-74 129 9.25 -16.125 9.25 -16.125 -112.5 0 -112.5 0 -75 -129 
-74 129 74 -129 
-150 0 -75 -129 
-150 0 74 -129 
-75 -129 -56.5 -32.25 -56.5 -32.25 -47.25 -48.375 -47.25 -48.375 74 -129 
#
0 0 75 129 
0 0 -37 64.5 -37 64.5 -74 129 
0 0 -150 0 
0 0 -37.5 -64.5 -37.5 -64.5 -75 -129 
0 0 37 -64.5 37 -64.5 55.5 -96.75 55.5 -96.75 74 -129 
75 129 0.5 129 0.5 129 -74 129 
75 129 37 -64.5 37 -64.5 -37.5 -64.5 -37.5 -64.5 -150 0 
75 129 55.5 -96.75 55.5 -96.75 -75 -129 
75 129 74 -129 
-74 129 -150 0 
-74 129 -75 -129 
-74 129 74 -129 
-150 0 -75 -129 
-150 0 -37 64.5 -37 64.5 0.5 129 0.5 129 74 -129 
-75 -129 74 -129 
#
0 0 75 129 
0 0 -37 64.5 -37 64.5 -46.25 80.625 -55.5 96.75 -74 129 -46.25 80.625 -55.5 96.75 
0 0 -150 0 
0 0 -18.75 -32.25 -37.5 -64.5 -56.25 -96.75 -56.25 -96.75 -75 -129 -18.75 -32.25 -37.5 -64.5 
0 0 74 -129 
75 129 -74 129 
75 129 -37 64.5 -37 64.5 -150 0 
75 129 -55.5 96.75 -55.5 96.75 -75 -129 
75 129 -46.25 80.625 -46.25 80.625 -44.0625 44.3438 -37.5 -64.5 74 -129 -41.875 8.0625 -37.5 -64.5 -44.0625 44.3438 -41.875 8.0625 
-74 129 -65.125 16.125 -56.25 -96.75 -41.875 8.0625 -41.875 8.0625 -150 0 -65.125 16.125 -56.25 -96.75 
-74 129 -75 -129 
-74 129 74 -129 
-150 0 -44.0625 44.3438 -44.0625 44.3438 -75 -129 
-150 0 -18.75 -32.25 -18.75 -32.25 74 -129 
-75 -129 -65.125 16.125 -65.125 16.125 74 -129 
#
0 0 75 129 
0 0 -74 129 
0 0 -150 0 
0 0 -37.5 -64.5 -37.5 -64.5 -75 -129 
0 0 37 -64.5 37 -64.5 55.5 -96.75 55.5 -96.75 64.75 -112.875 64.75 -112.875 74 -129 
75 129 -74 129 
75 129 37 -64.5 37 -64.5 -37.5 -64.5 -37.5 -64.5 -150 0 
75 129 55.5 -96.75 55.5 -96.75 -75 -129 
75 129 74.5 0 74.5 0 74 -129 
-74 129 -150 0 
-74 129 74.5 0 74.5 0 64.75 -112.875 64.75 -112.875 -75 -129 
-74 129 74 -129 
-150 0 -75 -129 
-150 0 74 -129 
-75 -129 74 -129 
#
0 0 75 129 
0 0 -74 129 
0 0 -150 0 
0 0 -37.5 -64.5 -37.5 -64.5 -75 -129 
0 0 37 -64.5 37 -64.5 55.5 -96.75 55.5 -96.75 74 -129 
75 129 -74 129 
75 129 37 -64.5 37 -64.5 -37.5 -64.5 -37.5 -64.5 -150 0 
75 129 55.5 -96.75 55.5 -96.75 -75 -129 
75 129 74 -129 
-74 129 -150 0 
-74 129 -74.5 0 -74.5 0 -75 -129 
-74 129 74 -129 
-150 0 -75 -129 
-150 0 -74.5 0 -74.5 0 74 -129 
-75 -129 74 -129 
#
0 0 37.5 64.5 37.5 64.5 75 129 
0 0 -74 129 
0 0 -150 0 
0 0 -37.5 -64.5 -37.5 -64.5 -75 -129 
0 0 37 -64.5 37 -64.5 46.25 -80.625 55.5 -96.75 74 -129 46.25 -80.625 55.5 -96.75 
75 129 -74 129 
75 129 56 32.25 37 -64.5 -37.5 -64.5 -37.5 -64.5 -150 0 56 32.25 37 -64.5 
75 129 55.5 -96.75 55.5 -96.75 -75 -129 
75 129 74 -129 
-74 129 -150 0 
-74 129 37.5 64.5 37.5 64.5 56 32.25 56 32.25 46.25 -80.625 46.25 -80.625 -75 -129 
-74 129 74 -129 
-150 0 -75 -129 
-150 0 74 -129 
-75 -129 74 -129 
#
0 0 75 129 
0 0 -37 64.5 -37 64.5 -55.5 96.75 -55.5 96.75 -64.75 112.875 -64.75 112.875 -74 129 
0 0 -150 0 
0 0 -37.5 -64.5 -37.5 -64.5 -75 -129 
0 0 37 -64.5 37 -64.5 55.5 -96.75 55.5 -96.75 74 -129 
75 129 -74 129 
75 129 -37 64.5 -37 64.5 -150 0 
75 129 -55.5 96.75 -55.5 96.75 -65.25 -16.125 -65.25 -16.125 -75 -129 
75 129 -64.75 112.875 -64.75 112.875 74 -129 
-74 129 37 -64.5 37 -64.5 -37.5 -64.5 -37.5 -64.5 -150 0 
-74 129 55.5 -96.75 55.5 -96.75 -75 -129 
-74 129 74 -129 
-150 0 -75 -129 
-150 0 -65.25 -16.125 -65.25 -16.125 74 -129 
-75 -129 74 -129 
#
0 0 75 129 
0 0 -37 64.5 -37 64.5 -55.5 96.75 -55.5 96.75 -74 129 
0 0 -150 0 
0 0 -37.5 -64.5 -37.5 -64.5 -56.25 -96.75 -56.25 -96.75 -75 -129 
0 0 37 -64.5 37 -64.5 74 -129 
75 129 37 -64.5 37 -64.5 -37.5 -64.5 -37.5 -64.5 -55.75 32.25 -55.75 32.25 -74 129 
75 129 -37 64.5 -37 64.5 -150 0 
75 129 0 0 0 0 -75 -129 
75 129 74 -129 
-74 129 -150 0 
-74 129 -75 -129 
-74 129 -65.125 16.125 -56.25 -96.75 74 -129 -65.125 16.125 -56.25 -96.75 
-150 0 -55.75 32.25 -55.75 32.25 -65.125 16.125 -65.125 16.125 -75 -129 
-150 0 -55.5 96.75 -55.5 96.75 0 0 0 0 74 -129 
-75 -129 74 -129 
#
0 0 75 129 
0 0 -37 64.5 -37 64.5 -55.5 96.75 -55.5 96.75 -74 129 
0 0 -150 0 
0 0 -18.75 -32.25 -37.5 -64.5 -56.25 -96.75 -56.25 -96.75 -75 -129 -18.75 -32.25 -37.5 -64.5 
0 0 37 -64.5 37 -64.5 74 -129 
75 129 37 -64.5 37 -64.5 -0.25 -64.5 -37.5 -64.5 -74 129 -0.25 -64.5 -37.5 -64.5 
75 129 -37 64.5 -37 64.5 -150 0 
75 129 -75 -129 
75 129 74 -129 
-74 129 -150 0 
-74 129 -75 -129 
-74 129 -56.25 -96.75 -56.25 -96.75 74 -129 
-150 0 -55.5 96.75 -55.5 96.75 -75 -129 
-150 0 -18.75 -32.25 -18.75 -32.25 -0.25 -64.5 -0.25 -64.5 74 -129 
-75 -129 74 -129 
#
0 0 75 129 
0 0 -37 64.5 -37 64.5 -55.5 96.75 -55.5 96.75 -74 129 
0 0 -75 0 -75 0 -112.5 0 -112.5 0 -131.25 0 -131.25 0 -150 0 
0 0 -75 -129 
0 0 37 -64.5 37 -64.5 74 -129 
75 129 -74 129 
75 129 -37.5 64.5 -37.5 64.5 -150 0 
75 129 -37 64.5 -37 64.5 -75 0 -75 0 -75 -129 
75 129 -55.5 96.75 -55.5 96.75 -112.5 0 -112.5 0 -19.25 -64.5 -19.25 -64.5 74 -129 
-74 129 -150 0 
-74 129 -37.5 64.5 -37.5 64.5 37 -64.5 37 -64.5 -75 -129 
-74 129 -131.25 0 -131.25 0 -28.625 -64.5 -28.625 -64.5 74 -129 
-150 0 -28.625 -64.5 -28.625 -64.5 -19.25 -64.5 -19.25 -64.5 -75 -129 
-150 0 74 -129 
-75 -129 74 -129 
#
0 0 75 129 
0 0 -37 64.5 -37 64.5 -55.5 96.75 -55.5 96.75 -64.75 112.875 -64.75 112.875 -74 129 
0 0 -150 0 
0 0 -18.75 -32.25 -37.5 -64.5 -75 -129 -18.75 -32.25 -37.5 -64.5 
0 0 37 -64.5 37 -64.5 74 -129 
75 129 37 -64.5 37 -64.5 -18.5 32.25 -18.5 32.25 -74 129 
75 129 -37 64.5 -37 64.5 -150 0 
75 129 -55.5 96.75 -55.5 96.75 -75 -129 
75 129 74 -129 
-74 129 -37.5 -64.5 -37.5 -64.5 -150 0 
-74 129 -75 -129 
-74 129 74 -129 
-150 0 -75 -129 
-150 0 -18.75 -32.25 -18.75 -32.25 -18.5 32.25 -18.5 32.25 74 -129 
-75 -129 -64.75 112.875 -64.75 112.875 74 -129 
#
0 0 75 129 
0 0 -37 64.5 -37 64.5 -55.5 96.75 -55.5 96.75 -64.75 112.875 -64.75 112.875 -74 129 
0 0 -150 0 
0 0 -37.5 -64.5 -37.5 -64.5 -75 -129 
0 0 37 -64.5 37 -64.5 74 -129 
75 129 37 -64.5 37 -64.5 -18.5 32.25 -18.5 32.25 -74 129 
75 129 -37 64.5 -37 64.5 -150 0 
75 129 -55.5 96.75 -55.5 96.75 -65.25 -16.125 -65.25 -16.125 -75 -129 
75 129 74 -129 
-74 129 -55.75 32.25 -37.5 -64.5 -150 0 -55.75 32.25 -37.5 -64.5 
-74 129 -75 -129 
-74 129 74 -129 
-150 0 -75 -129 
-150 0 -65.25 -16.125 -65.25 -16.125 -64.75 112.875 -64.75 112.875 74 -129 
-75 -129 -55.75 32.25 -55.75 32.25 -18.5 32.25 -18.5 32.25 74 -129 
#
0 0 75 129 
0 0 -37 64.5 -37 64.5 -55.5 96.75 -55.5 96.75 -64.75 112.875 -64.75 112.875 -69.375 120.938 -69.375 120.938 -74 129 
0 0 -150 0 
0 0 -37.5 -64.5 -37.5 -64.5 -75 -129 
0 0 37 -64.5 37 -64.5 74 -129 
75 129 37 -64.5 37 -64.5 -74 129 
75 129 -37 64.5 -37 64.5 -150 0 
75 129 -55.5 96.75 -55.5 96.75 -65.25 -16.125 -65.25 -16.125 -75 -129 
75 129 74 -129 
-74 129 -37.5 -64.5 -37.5 -64.5 -150 0 
-74 129 -75 -129 
-74 129 74 -129 
-150 0 -75 -129 
-150 0 -65.25 -16.125 -65.25 -16.125 -64.75 112.875 -64.75 112.875 74 -129 
-75 -129 -69.375 120.938 -69.375 120.938 74 -129 
#
0 0 75 129 
0 0 -37 64.5 -37 64.5 -55.5 96.75 -55.5 96.75 -74 129 
0 0 -75 0 -75 0 -112.5 0 -112.5 0 -150 0 
0 0 -75 -129 
0 0 37 -64.5 37 -64.5 55.5 -96.75 55.5 -96.75 74 -129 
75 129 -74 129 
75 129 37 -64.5 37 -64.5 -56.5 -32.25 -56.5 -32.25 -150 0 
75 129 -37 64.5 -37 64.5 -75 0 -75 0 -75 -129 
75 129 -55.5 96.75 -55.5 96.75 9.25 -16.125 9.25 -16.125 74 -129 
-74 129 9.25 -16.125 9.25 -16.125 -70.375 -8.0625 -70.375 -8.0625 -150 0 
-74 129 55.5 -96.75 55.5 -96.75 -56.5 -32.25 -56.5 -32.25 -75 -129 
-74 129 74 -129 
-150 0 -75 -129 
-150 0 74 -129 
-75 -129 -112.5 0 -112.5 0 -70.375 -8.0625 -70.375 -8.0625 74 -129 
#
0 0 75 129 
0 0 -37 64.5 -37 64.5 -74 129 
0 0 -150 0 
0 0 -75 -129 
0 0 37 -64.5 37 -64.5 74 -129 
75 129 -74 129 
75 129 -37 64.5 -37 64.5 -150 0 
75 129 37 -64.5 37 -64.5 -75 -129 
75 129 74 -129 
-74 129 -150 0 
-74 129 -74.5 0 -74.5 0 -75 -129 
-74 129 74 -129 
-150 0 -75 -129 
-150 0 -74.5 0 -74.5 0 74 -129 
-75 -129 74 -129 
#
