( 0 0 75 129 ) 
( 0 0 -4.625 8.0625 ) ( -37 64.5 -74 129 ) ( -18.5 32.25 -37 64.5 ) ( -9.25 16.125 -18.5 32.25 ) ( -4.625 8.0625 -9.25 16.125 ) 
( 0 0 -18.75 0 ) ( -75 0 -112.5 0 ) ( -37.5 0 -56.25 0 ) ( -18.75 0 -28.125 0 ) ( -112.5 0 -150 0 ) ( -56.25 0 -75 0 ) ( -28.125 0 -37.5 0 ) 
( 0 0 -18.75 -32.25 ) ( -37.5 -64.5 -56.25 -96.75 ) ( -18.75 -32.25 -28.125 -48.375 ) ( -56.25 -96.75 -65.625 -112.875 ) ( -28.125 -48.375 -32.8125 -56.4375 ) ( -65.625 -112.875 -75 -129 ) ( -32.8125 -56.4375 -37.5 -64.5 ) 
( 0 0 37 -64.5 ) ( 37 -64.5 55.5 -96.75 ) ( 55.5 -96.75 64.75 -112.875 ) ( 64.75 -112.875 69.375 -120.938 ) ( 69.375 -120.938 74 -129 ) 
( 0 0 150 0 ) 
( 75 129 -74 129 ) 
( 75 129 -37 64.5 ) ( -37 64.5 -51.125 56.4375 ) ( -93.5 32.25 -150 0 ) ( -65.25 48.375 -93.5 32.25 ) ( -51.125 56.4375 -65.25 48.375 ) 
( 75 129 -18.5 32.25 ) ( -18.5 32.25 -32.625 24.1875 ) ( -75 0 -75 -32.25 ) ( -46.75 16.125 -75 0 ) ( -32.625 24.1875 -46.75 16.125 ) ( -75 -64.5 -75 -129 ) ( -75 -32.25 -75 -64.5 ) 
( 75 129 -9.25 16.125 ) ( -9.25 16.125 -23.375 8.0625 ) ( -37.5 0 -37.5 -32.25 ) ( -37.5 -64.5 18.25 -96.75 ) ( -23.375 8.0625 -37.5 0 ) ( -37.5 -32.25 -37.5 -64.5 ) ( 18.25 -96.75 74 -129 ) 
( 75 129 -4.625 8.0625 ) ( -4.625 8.0625 -18.75 0 ) ( -18.75 0 -18.75 -32.25 ) ( -18.75 -32.25 37 -64.5 ) ( 37 -64.5 150 0 ) 
( -74 129 -150 0 ) 
( -74 129 -93.5 32.25 ) ( -93.5 32.25 -112.5 0 ) ( -112.5 0 -112.5 -32.25 ) ( -156.25 -94.75 -200 -125 -75 -129 ) ( -112.5 -32.25 -112.5 -64.5 -156.25 -94.75 ) 
( -74 129 -65.25 48.375 ) ( -65.25 48.375 -74.75 32.25 -46.75 16.125 ) ( -46.75 16.125 -56.25 0 ) ( -56.25 0 -56.25 -48.375 ) ( -56.25 -96.75 -0.5 -129 43.5 -159.25 ) ( -56.25 -48.375 -56.25 -96.75 ) ( 43.5 -159.25 87.5 -189.5 74 -129 ) 
( -74 129 -51.125 56.4375 ) ( -51.125 56.4375 -55.875 48.375 -32.625 24.1875 ) ( -32.625 24.1875 -37.375 16.125 -23.375 8.0625 ) ( -23.375 8.0625 -28.125 0 ) ( -28.125 0 -28.125 -48.375 ) ( -28.125 -48.375 55.5 -96.75 ) ( 55.5 -96.75 112 -64.5 118.75 -94.75 168.75 -219.75 150 0 ) 
( -150 0 -225 62.5 -225 -187.5 -56.25 -157.25 -75 -129 ) 
( -150 0 -156.25 -62.5 -156.25 -94.75 ) ( -156.25 -94.75 -93.75 -96.75 -93.75 -64.5 -75 -64.5 ) ( -75 -64.5 -65.625 -112.875 ) ( -65.625 -112.875 15.625 -173.375 71.875 -189 ) ( 71.875 -189 128.125 -204.625 74 -129 ) 
( -150 0 -112.5 -32.25 ) ( -112.5 -32.25 -103.125 -48.375 -103.125 -32.25 -75 -32.25 ) ( -75 -32.25 -70.3125 -56.4375 -56.25 -48.375 ) ( -56.25 -48.375 -37.5 -32.25 ) ( -37.5 -32.25 -32.8125 -56.4375 ) ( -32.8125 -56.4375 64.75 -112.875 ) ( 64.75 -112.875 91.8125 -150.688 148.438 -212.188 56.25 -188.5 209.375 -234.875 150 0 ) 
( -75 -129 -20.3125 -165.313 35.9375 -180.938 92.1875 -196.563 138.281 -208.406 109.969 -177.656 74 -129 ) 
( -75 -129 -2.34375 -169.344 71.875 -189 ) ( 71.875 -189 15.625 -143.125 43.5 -159.25 ) ( 43.5 -159.25 36.75 -129 8.875 -112.875 18.25 -96.75 ) ( 18.25 -96.75 69.375 -120.938 ) ( 69.375 -120.938 100.891 -164.172 129.203 -194.922 143.359 -210.297 97.2656 -198.453 74.2188 -192.531 0 -172.875 -96.875 -219.25 -20.3125 -242.438 229.688 -242.438 150 0 ) 
( 74 -129 105.43 -170.914 119.586 -186.289 126.664 -193.977 140.82 -209.352 117.773 -203.43 46.0938 -184.719 -28.125 -165.063 -125 -211.438 -173.438 -234.625 -135.156 -246.219 -10.1563 -246.219 239.844 -246.219 150 0 ) 
#
( 0 0 75 129 ) 
( 0 0 -74 129 ) 
( 0 0 -150 0 ) 
( 0 0 -75 -129 ) 
( 0 0 74 -129 ) 
( 0 0 150 0 ) 
( 75 129 -74 129 ) 














#
( 0 0 75 129 ) 
( 0 0 -37 64.5 ) ( -37 64.5 -74 129 ) 
( 0 0 -150 0 ) 
( 0 0 -75 -129 ) 
( 0 0 74 -129 ) 
( 0 0 150 0 ) 
( 75 129 -74 129 ) 
( 75 129 -37 64.5 ) 













#
( 0 0 75 129 ) 
( 0 0 -37 64.5 ) ( -37 64.5 -74 129 ) 
( 0 0 -150 0 ) 
( 0 0 -75 -129 ) 
( 0 0 74 -129 ) 
( 0 0 150 0 ) 
( 75 129 -74 129 ) 
( 75 129 -37 64.5 ) ( -37 64.5 -150 0 ) 













#
( 0 0 75 129 ) 
( 0 0 -18.5 32.25 ) ( -37 64.5 -74 129 ) ( -18.5 32.25 -37 64.5 ) 
( 0 0 -150 0 ) 
( 0 0 -75 -129 ) 
( 0 0 74 -129 ) 
( 0 0 150 0 ) 
( 75 129 -74 129 ) 
( 75 129 -37 64.5 ) ( -37 64.5 -150 0 ) 
( 75 129 -18.5 32.25 ) 












#
( 0 0 75 129 ) 
( 0 0 -18.5 32.25 ) ( -37 64.5 -74 129 ) ( -18.5 32.25 -37 64.5 ) 
( 0 0 -75 0 ) ( -75 0 -150 0 ) 
( 0 0 -75 -129 ) 
( 0 0 74 -129 ) 
( 0 0 150 0 ) 
( 75 129 -74 129 ) 
( 75 129 -37 64.5 ) ( -37 64.5 -150 0 ) 
( 75 129 -18.5 32.25 ) ( -18.5 32.25 -75 0 ) 












#
