( 0 0 0 150 ) 
( 0 0 -37.5 0 ) ( -75 0 -150 0 ) ( -37.5 0 -75 0 ) 
( 0 0 0 -75 ) ( 0 -75 0 -112.5 ) ( 0 -112.5 0 -150 ) 
( 0 0 150 0 ) 
( 0 150 -150 0 ) 
( 0 150 -75 0 ) ( -75 0 -37.5 -75 ) ( -37.5 -75 0 -150 ) 
( 0 150 -37.5 0 ) ( -37.5 0 0 -75 ) ( 0 -75 150 0 ) 
( -150 0 0 -150 ) 
( -150 0 -37.5 -75 ) ( -37.5 -75 0 -112.5 ) ( 0 -112.5 150 0 ) 
( 0 -150 150 0 ) 
#
( 0 0 0 150 ) 
( 0 0 -37.5 0 ) ( -75 0 -150 0 ) ( -37.5 0 -75 0 ) 
( 0 0 0 -75 ) ( 0 -75 0 -150 ) 
( 0 0 75 0 ) ( 75 0 150 0 ) 
( 0 150 -150 0 ) 
( 0 150 -75 0 ) ( -75 0 0 -150 ) 
( 0 150 -37.5 0 ) ( -37.5 0 0 -75 ) ( 0 -75 75 -37.5 ) ( 75 -37.5 150 0 ) 
( -150 0 -37.5 75 0 75 75 0 ) ( 75 0 75 -37.5 ) ( 75 -37.5 0 -150 ) 
( -150 0 -56.25 37.5 -37.5 37.5 37.5 37.5 150 0 ) 
( 0 -150 150 0 ) 
#
( 0 0 0 150 ) 
( 0 0 -37.5 0 ) ( -75 0 -150 0 ) ( -37.5 0 -75 0 ) 
( 0 0 0 -75 ) ( 0 -75 0 -150 ) 
( 0 0 150 0 ) 
( 0 150 -150 0 ) 
( 0 150 -75 0 ) ( -75 0 0 -150 ) 
( 0 150 -37.5 0 ) ( -37.5 0 0 -75 ) ( 0 -75 150 0 ) 
( -150 0 0 -150 ) 
( -150 0 0 -37.5 150 0 ) 
( 0 -150 150 0 ) 
#
( 0 0 0 150 ) 
( 0 0 -75 0 ) ( -75 0 -112.5 0 ) ( -112.5 0 -150 0 ) 
( 0 0 0 -150 ) 
( 0 0 75 0 ) ( 75 0 150 0 ) 
( 0 150 -150 0 ) 
( 0 150 -75 0 ) ( -75 0 0 -150 ) 
( 0 150 -112.5 0 ) ( -112.5 0 -37.5 -75 0 -75 150 0 ) 
( -150 0 -75 -37.5 -18.75 -37.5 0 -37.5 75 0 ) ( 75 0 0 -150 ) 
( -150 0 -93.75 -18.75 -46.875 -37.5 -28.125 -56.25 -9.375 -56.25 0 -56.25 37.5 -37.5 150 0 ) 
( 0 -150 150 0 ) 
#
( 0 0 0 150 ) 
( 0 0 -150 0 ) 
( 0 0 0 -150 ) 
( 0 0 75 0 ) ( 75 0 150 0 ) 
( 0 150 -150 0 ) 
( 0 150 75 0 ) ( 75 0 0 -150 ) 
( 0 150 150 0 ) 
( -150 0 0 -150 ) 
( -150 0 37.5 -75 150 0 ) 
( 0 -150 150 0 ) 
#
