( 0 0 93 117 ) 
( 0 0 -8.25 36.5 ) ( -16.5 73 -33 146 ) ( -8.25 36.5 -16.5 73 ) 
( 0 0 -135 65 ) 
( 0 0 -67.5 -32.5 ) ( -67.5 -32.5 -135 -65 ) 
( 0 0 -16.5 -73 ) ( -16.5 -73 -33 -146 ) 
( 0 0 46.5 -58.5 ) ( 46.5 -58.5 69.75 -87.75 ) ( 69.75 -87.75 93 -117 ) 
( 0 0 150 0 ) 
( 93 117 -33 146 ) 
( 93 117 -16.5 73 ) ( -16.5 73 -167.5 221.5 151.5 243.5 214.5 229 243 170.5 230 -168.5 121.5 -58.5 46.5 -58.5 ) ( 46.5 -58.5 -16.5 -73 ) ( -16.5 -73 -67.5 -32.5 ) ( -67.5 -32.5 -135 65 ) 
( 93 117 -8.25 36.5 ) ( -8.25 36.5 -218.5 181 -218.5 116 -232 -174 -181 -214.5 98.5 -157.25 161.5 -142.75 69.75 -87.75 ) 


















#
