( 170.6008957295149 298.91072465085966 143.1683633381694 331.6565571695954 115.73583094682394 364.40238968833114 88.30329855547843 397.1482222070669 60.87076616413296 429.8940547258026 33.438233772787484 462.63988724453833 )
( 170.6008957295149 298.91072465085966 147.43152715574337 271.62253088524653 124.26215858197185 244.3343371196334 101.09279000820032 217.0461433540203 ) ( 101.09279000820032 217.0461433540203 77.9234214344288 189.75794958840717 54.75405286065728 162.46975582279407 31.58468428688576 135.18156205718094 )
( 170.6008957295149 298.91072465085966 216.93963287705793 298.91072465085966 263.27837002460103 298.91072465085966 309.6171071721441 298.91072465085966 355.9558443196871 298.91072465085966 402.29458146723016 298.91072465085966 448.6333186147732 298.91072465085966 )
( 33.438233772787484 462.63988724453833 33.17344098908724 415.86012650348727 32.90864820538699 369.0803657624362 32.643855421686744 322.30060502138514 32.3790626379865 275.5208442803341 32.114269854286256 228.74108353928304 31.849477070586005 181.961322798232 31.58468428688576 135.18156205718094 )
( 33.438233772787484 462.63988724453833 44.71399314535629 421.70759659611866 55.9897525179251 380.775305947699 67.26551189049391 339.84301529927933 78.54127126306271 298.91072465085966 89.81703063563151 257.97843400244 101.09279000820032 217.0461433540203 ) ( 101.09279000820032 217.0461433540203 139.70840429781953 190.60409513152698 178.32401858743876 164.16204690903365 216.93963287705796 137.71999868654032 255.55524716667716 111.27795046404698 294.1708614562964 84.83590224155365 332.7864757459156 58.39385401906031 350.16350217624426 78.85999934327015 367.5405286065728 99.32614466747998 383.7590866082129 139.24306066415593 399.977644609853 179.1599766608319 416.19620261149305 219.0768926575078 432.4147606131331 258.99380865418374 448.6333186147732 298.91072465085966 )
( 31.58468428688576 135.18156205718094 27.72312285792384 96.78770803812061 23.86156142896192 58.3938540190603 20 20 66.33873714754304 20 112.67747429508609 20 159.01621144262913 20 205.35494859017217 20 251.69368573771519 20 298.03242288525826 20 344.3711600328013 20 390.70989718034434 20 437.0486343278874 20 483.3873714754304 20 500.7643979057591 40.46614532420983 492.07588469059476 83.54024187865147 483.3873714754304 126.6143384330931 474.6988582602661 169.68843498753478 466.01034504510176 212.7625315419764 457.32183182993754 255.83662809641805 448.6333186147732 298.91072465085966 )
#
( 93.52819409807184 230.0112312431818 103.18852073747321 303.81722604657057 122.15976929277538 350.31919638702533 118.11839489769385 376.0932799898037 108.60287923965274 392.6555243872977 73.87674245894496 448.3462986201759 )
( 93.52819409807184 230.0112312431818 103.91578451080531 159.05571758469907 140.59429225779883 105.9181759108935 115.7076740015812 92.15028646294057 107.29044737815795 74.69567061548055 72.41942650008777 18.894118927200896 )
( 93.52819409807184 230.0112312431818 317.208554064522 334.46985285728846 370.1869048095503 273.88145013306877 394.72049341683174 218.05238794068924 418.9218224181283 233.94239532357912 436.1856766725812 233.43347957327637 492.6015880110615 233.2423948457984 )
( 73.87674245894496 448.3462986201759 37.39105375134176 395.3606956210636 16.568224848879048 347.9978045470333 13.279883512818678 300.64061526862224 11.986184693508827 255.8247625867385 11.83719010530243 211.44582464866872 12.824901459849423 166.61175876668608 15.93315063366151 119.38552080849755 36.53540028675116 72.11444634499384 72.41942650008777 18.894118927200896 )
( 73.87674245894496 448.3462986201759 135.34473948882584 448.0488059650506 180.56837168667374 454.65532784026504 222.285346116734 442.5830216592379 260.8803493253805 426.021341849001 298.34748329966584 409.69666465839106 335.50963393224134 392.07943094638773 372.9721797862818 373.4314555237589 409.2406657936652 352.7515530745461 443.3650758573809 325.29012638809996 460.84767482122254 283.6559685754364 492.6015880110615 233.2423948457984 )
( 72.41942650008777 18.894118927200896 134.27853548012436 18.97531332174011 179.74798705606304 12.01544059572662 221.82661427817703 24.02644563484802 260.538641357486 41.02906089162652 297.65135875273216 58.045304960214864 333.7545714513096 75.08745173080169 370.73289103454886 92.7271645951652 408.46044687952883 112.5421914140766 443.0522887006767 140.40040614261284 460.57525212317023 182.3727597437374 492.6015880110615 233.2423948457984 )
#
( 93.52819409807184 230.0112312431818 103.18852073747321 303.81722604657057 122.15976929277538 350.31919638702533 118.11839489769385 376.0932799898037 108.60287923965274 392.6555243872977 73.87674245894496 448.3462986201759 )
( 93.52819409807184 230.0112312431818 103.91578451080531 159.05571758469907 140.59429225779883 105.9181759108935 115.7076740015812 92.15028646294057 107.29044737815795 74.69567061548055 72.41942650008777 18.894118927200896 )
( 93.52819409807184 230.0112312431818 317.208554064522 334.46985285728846 370.1869048095503 273.88145013306877 394.72049341683174 218.05238794068924 418.9218224181283 233.94239532357912 436.1856766725812 233.43347957327637 492.6015880110615 233.2423948457984 )
( 73.87674245894496 448.3462986201759 37.39105375134176 395.3606956210636 16.568224848879048 347.9978045470333 13.279883512818678 300.64061526862224 11.986184693508827 255.8247625867385 11.83719010530243 211.44582464866872 12.824901459849423 166.61175876668608 15.93315063366151 119.38552080849755 36.53540028675116 72.11444634499384 72.41942650008777 18.894118927200896 )
( 73.87674245894496 448.3462986201759 135.34473948882584 448.0488059650506 180.56837168667374 454.65532784026504 222.285346116734 442.5830216592379 260.8803493253805 426.021341849001 298.34748329966584 409.69666465839106 335.50963393224134 392.07943094638773 372.9721797862818 373.4314555237589 409.2406657936652 352.7515530745461 443.3650758573809 325.29012638809996 460.84767482122254 283.6559685754364 492.6015880110615 233.2423948457984 )
( 72.41942650008777 18.894118927200896 134.27853548012436 18.97531332174011 179.74798705606304 12.01544059572662 221.82661427817703 24.02644563484802 260.538641357486 41.02906089162652 297.65135875273216 58.045304960214864 333.7545714513096 75.08745173080169 370.73289103454886 92.7271645951652 408.46044687952883 112.5421914140766 443.0522887006767 140.40040614261284 460.57525212317023 182.3727597437374 492.6015880110615 233.2423948457984 )
#
( 93.52819409807184 230.0112312431818 103.18852073747321 303.81722604657057 122.15976929277538 350.31919638702533 118.11839489769385 376.0932799898037 108.60287923965274 392.6555243872977 73.87674245894496 448.3462986201759 )
( 93.52819409807184 230.0112312431818 103.91578451080531 159.05571758469907 140.59429225779883 105.9181759108935 115.7076740015812 92.15028646294057 107.29044737815795 74.69567061548055 72.41942650008777 18.894118927200896 )
( 93.52819409807184 230.0112312431818 317.208554064522 334.46985285728846 370.1869048095503 273.88145013306877 394.72049341683174 218.05238794068924 418.9218224181283 233.94239532357912 436.1856766725812 233.43347957327637 492.6015880110615 233.2423948457984 )
( 73.87674245894496 448.3462986201759 37.39105375134176 395.3606956210636 16.568224848879048 347.9978045470333 13.279883512818678 300.64061526862224 11.986184693508827 255.8247625867385 11.83719010530243 211.44582464866872 12.824901459849423 166.61175876668608 15.93315063366151 119.38552080849755 36.53540028675116 72.11444634499384 72.41942650008777 18.894118927200896 )
( 73.87674245894496 448.3462986201759 135.34473948882584 448.0488059650506 180.56837168667374 454.65532784026504 222.285346116734 442.5830216592379 260.8803493253805 426.021341849001 298.34748329966584 409.69666465839106 335.50963393224134 392.07943094638773 372.9721797862818 373.4314555237589 409.2406657936652 352.7515530745461 443.3650758573809 325.29012638809996 460.84767482122254 283.6559685754364 492.6015880110615 233.2423948457984 )
( 72.41942650008777 18.894118927200896 134.27853548012436 18.97531332174011 179.74798705606304 12.01544059572662 221.82661427817703 24.02644563484802 260.538641357486 41.02906089162652 297.65135875273216 58.045304960214864 333.7545714513096 75.08745173080169 370.73289103454886 92.7271645951652 408.46044687952883 112.5421914140766 443.0522887006767 140.40040614261284 460.57525212317023 182.3727597437374 492.6015880110615 233.2423948457984 )
#
( 93.52819409807184 230.0112312431818 103.18852073747321 303.81722604657057 122.15976929277538 350.31919638702533 118.11839489769385 376.0932799898037 108.60287923965274 392.6555243872977 73.87674245894496 448.3462986201759 )
( 93.52819409807184 230.0112312431818 103.91578451080531 159.05571758469907 140.59429225779883 105.9181759108935 115.7076740015812 92.15028646294057 107.29044737815795 74.69567061548055 72.41942650008777 18.894118927200896 )
( 93.52819409807184 230.0112312431818 317.208554064522 334.46985285728846 370.1869048095503 273.88145013306877 394.72049341683174 218.05238794068924 418.9218224181283 233.94239532357912 436.1856766725812 233.43347957327637 492.6015880110615 233.2423948457984 )
( 73.87674245894496 448.3462986201759 37.39105375134176 395.3606956210636 16.568224848879048 347.9978045470333 13.279883512818678 300.64061526862224 11.986184693508827 255.8247625867385 11.83719010530243 211.44582464866872 12.824901459849423 166.61175876668608 15.93315063366151 119.38552080849755 36.53540028675116 72.11444634499384 72.41942650008777 18.894118927200896 )
( 73.87674245894496 448.3462986201759 135.34473948882584 448.0488059650506 180.56837168667374 454.65532784026504 222.285346116734 442.5830216592379 260.8803493253805 426.021341849001 298.34748329966584 409.69666465839106 335.50963393224134 392.07943094638773 372.9721797862818 373.4314555237589 409.2406657936652 352.7515530745461 443.3650758573809 325.29012638809996 460.84767482122254 283.6559685754364 492.6015880110615 233.2423948457984 )
( 72.41942650008777 18.894118927200896 134.27853548012436 18.97531332174011 179.74798705606304 12.01544059572662 221.82661427817703 24.02644563484802 260.538641357486 41.02906089162652 297.65135875273216 58.045304960214864 333.7545714513096 75.08745173080169 370.73289103454886 92.7271645951652 408.46044687952883 112.5421914140766 443.0522887006767 140.40040614261284 460.57525212317023 182.3727597437374 492.6015880110615 233.2423948457984 )
#
( 93.52819409807184 230.0112312431818 103.18852073747321 303.81722604657057 122.15976929277538 350.31919638702533 118.11839489769385 376.0932799898037 108.60287923965274 392.6555243872977 73.87674245894496 448.3462986201759 )
( 93.52819409807184 230.0112312431818 103.91578451080531 159.05571758469907 140.59429225779883 105.9181759108935 115.7076740015812 92.15028646294057 107.29044737815795 74.69567061548055 72.41942650008777 18.894118927200896 )
( 93.52819409807184 230.0112312431818 317.208554064522 334.46985285728846 370.1869048095503 273.88145013306877 394.72049341683174 218.05238794068924 418.9218224181283 233.94239532357912 436.1856766725812 233.43347957327637 492.6015880110615 233.2423948457984 )
( 73.87674245894496 448.3462986201759 37.39105375134176 395.3606956210636 16.568224848879048 347.9978045470333 13.279883512818678 300.64061526862224 11.986184693508827 255.8247625867385 11.83719010530243 211.44582464866872 12.824901459849423 166.61175876668608 15.93315063366151 119.38552080849755 36.53540028675116 72.11444634499384 72.41942650008777 18.894118927200896 )
( 73.87674245894496 448.3462986201759 135.34473948882584 448.0488059650506 180.56837168667374 454.65532784026504 222.285346116734 442.5830216592379 260.8803493253805 426.021341849001 298.34748329966584 409.69666465839106 335.50963393224134 392.07943094638773 372.9721797862818 373.4314555237589 409.2406657936652 352.7515530745461 443.3650758573809 325.29012638809996 460.84767482122254 283.6559685754364 492.6015880110615 233.2423948457984 )
( 72.41942650008777 18.894118927200896 134.27853548012436 18.97531332174011 179.74798705606304 12.01544059572662 221.82661427817703 24.02644563484802 260.538641357486 41.02906089162652 297.65135875273216 58.045304960214864 333.7545714513096 75.08745173080169 370.73289103454886 92.7271645951652 408.46044687952883 112.5421914140766 443.0522887006767 140.40040614261284 460.57525212317023 182.3727597437374 492.6015880110615 233.2423948457984 )
( 308.8 116.80000000000001 211.20000000000002 191.20000000000002 )
#
( 93.52819409807184 230.0112312431818 103.18852073747321 303.81722604657057 122.15976929277538 350.31919638702533 118.11839489769385 376.0932799898037 108.60287923965274 392.6555243872977 73.87674245894496 448.3462986201759 )
( 93.52819409807184 230.0112312431818 103.91578451080531 159.05571758469907 140.59429225779883 105.9181759108935 115.7076740015812 92.15028646294057 107.29044737815795 74.69567061548055 72.41942650008777 18.894118927200896 )
( 93.52819409807184 230.0112312431818 317.208554064522 334.46985285728846 370.1869048095503 273.88145013306877 394.72049341683174 218.05238794068924 418.9218224181283 233.94239532357912 436.1856766725812 233.43347957327637 492.6015880110615 233.2423948457984 )
( 73.87674245894496 448.3462986201759 37.39105375134176 395.3606956210636 16.568224848879048 347.9978045470333 13.279883512818678 300.64061526862224 11.986184693508827 255.8247625867385 11.83719010530243 211.44582464866872 12.824901459849423 166.61175876668608 15.93315063366151 119.38552080849755 36.53540028675116 72.11444634499384 72.41942650008777 18.894118927200896 )
( 73.87674245894496 448.3462986201759 135.34473948882584 448.0488059650506 180.56837168667374 454.65532784026504 222.285346116734 442.5830216592379 260.8803493253805 426.021341849001 298.34748329966584 409.69666465839106 335.50963393224134 392.07943094638773 372.9721797862818 373.4314555237589 409.2406657936652 352.7515530745461 443.3650758573809 325.29012638809996 460.84767482122254 283.6559685754364 492.6015880110615 233.2423948457984 )
( 72.41942650008777 18.894118927200896 134.27853548012436 18.97531332174011 179.74798705606304 12.01544059572662 221.82661427817703 24.02644563484802 260.538641357486 41.02906089162652 297.65135875273216 58.045304960214864 333.7545714513096 75.08745173080169 370.73289103454886 92.7271645951652 408.46044687952883 112.5421914140766 443.0522887006767 140.40040614261284 460.57525212317023 182.3727597437374 492.6015880110615 233.2423948457984 )
( 348.8 202.4 362.40000000000003 186.4 )
( 308.8 116.80000000000001 211.20000000000002 191.20000000000002 )
#
( 93.52819409807184 230.0112312431818 103.18852073747321 303.81722604657057 122.15976929277538 350.31919638702533 118.11839489769385 376.0932799898037 108.60287923965274 392.6555243872977 73.87674245894496 448.3462986201759 )
( 93.52819409807184 230.0112312431818 103.91578451080531 159.05571758469907 140.59429225779883 105.9181759108935 115.7076740015812 92.15028646294057 107.29044737815795 74.69567061548055 72.41942650008777 18.894118927200896 )
( 93.52819409807184 230.0112312431818 317.208554064522 334.46985285728846 370.1869048095503 273.88145013306877 394.72049341683174 218.05238794068924 418.9218224181283 233.94239532357912 436.1856766725812 233.43347957327637 492.6015880110615 233.2423948457984 )
( 73.87674245894496 448.3462986201759 37.39105375134176 395.3606956210636 16.568224848879048 347.9978045470333 13.279883512818678 300.64061526862224 11.986184693508827 255.8247625867385 11.83719010530243 211.44582464866872 12.824901459849423 166.61175876668608 15.93315063366151 119.38552080849755 36.53540028675116 72.11444634499384 72.41942650008777 18.894118927200896 )
( 73.87674245894496 448.3462986201759 135.34473948882584 448.0488059650506 180.56837168667374 454.65532784026504 222.285346116734 442.5830216592379 260.8803493253805 426.021341849001 298.34748329966584 409.69666465839106 335.50963393224134 392.07943094638773 372.9721797862818 373.4314555237589 409.2406657936652 352.7515530745461 443.3650758573809 325.29012638809996 460.84767482122254 283.6559685754364 492.6015880110615 233.2423948457984 )
( 72.41942650008777 18.894118927200896 134.27853548012436 18.97531332174011 179.74798705606304 12.01544059572662 221.82661427817703 24.02644563484802 260.538641357486 41.02906089162652 297.65135875273216 58.045304960214864 333.7545714513096 75.08745173080169 370.73289103454886 92.7271645951652 408.46044687952883 112.5421914140766 443.0522887006767 140.40040614261284 460.57525212317023 182.3727597437374 492.6015880110615 233.2423948457984 )
( 348.8 202.4 362.40000000000003 186.4 )
( 308.8 116.80000000000001 211.20000000000002 191.20000000000002 )
( 308.8 116.80000000000001 340 108.80000000000001 353.6 123.2 368.8 144 370.40000000000003 159.20000000000002 375.20000000000005 183.20000000000002 362.40000000000003 186.4 )
#
