( 115.2 395.20000000000005 116.80000000000001 334.40000000000003 157.60000000000002 213.60000000000002 216.8 144.8 317.6 96 542.4 93.60000000000001 610.4 111.2 635.2 121.60000000000001 )
#
( 115.2 395.20000000000005 116.80000000000001 334.40000000000003 157.60000000000002 213.60000000000002 216.8 144.8 317.6 96 542.4 93.60000000000001 610.4 111.2 635.2 121.60000000000001 )
( 635.2 121.60000000000001 670.4000000000001 120 815.2 146.4 888 194.4 952.8000000000001 266.40000000000003 979.2 338.40000000000003 989.6 394.40000000000003 987.2 386.40000000000003 )
#
( 115.2 395.20000000000005 116.80000000000001 334.40000000000003 157.60000000000002 213.60000000000002 216.8 144.8 317.6 96 542.4 93.60000000000001 610.4 111.2 635.2 121.60000000000001 )
( 635.2 121.60000000000001 670.4000000000001 120 815.2 146.4 888 194.4 952.8000000000001 266.40000000000003 979.2 338.40000000000003 989.6 394.40000000000003 987.2 386.40000000000003 )
( 987.2 386.40000000000003 980 436.8 956.8000000000001 493.6 880.8000000000001 596.8000000000001 728 660.8000000000001 548.8000000000001 636 519.2 585.6 529.6 556 )
#
( 115.2 395.20000000000005 116.80000000000001 334.40000000000003 157.60000000000002 213.60000000000002 216.8 144.8 317.6 96 542.4 93.60000000000001 610.4 111.2 635.2 121.60000000000001 )
( 529.6 556 476 573.6 349.6 616.8000000000001 120 563.2 109.60000000000001 463.20000000000005 112.80000000000001 420 115.2 395.20000000000005 )
( 635.2 121.60000000000001 670.4000000000001 120 815.2 146.4 888 194.4 952.8000000000001 266.40000000000003 979.2 338.40000000000003 989.6 394.40000000000003 987.2 386.40000000000003 )
( 987.2 386.40000000000003 980 436.8 956.8000000000001 493.6 880.8000000000001 596.8000000000001 728 660.8000000000001 548.8000000000001 636 519.2 585.6 529.6 556 )
#
( 115.2 395.20000000000005 116.80000000000001 334.40000000000003 157.60000000000002 213.60000000000002 216.8 144.8 317.6 96 542.4 93.60000000000001 610.4 111.2 635.2 121.60000000000001 )
( 529.6 556 476 573.6 349.6 616.8000000000001 120 563.2 109.60000000000001 463.20000000000005 112.80000000000001 420 115.2 395.20000000000005 )
( 635.2 121.60000000000001 670.4000000000001 120 815.2 146.4 888 194.4 952.8000000000001 266.40000000000003 979.2 338.40000000000003 989.6 394.40000000000003 987.2 386.40000000000003 )
( 987.2 386.40000000000003 980 436.8 956.8000000000001 493.6 880.8000000000001 596.8000000000001 728 660.8000000000001 548.8000000000001 636 519.2 585.6 529.6 556 )
( 635.2 121.60000000000001 313.6 555.2 276.8 578.4 236 602.4 222.4 651.2 226.4 677.6 237.60000000000002 689.6 248.8 700.8000000000001 376 731.2 603.2 728 728.8000000000001 653.6 700 552.8000000000001 648 481.6 606.4 385.6 590.4 333.6 )
#
( 115.2 395.20000000000005 116.80000000000001 334.40000000000003 157.60000000000002 213.60000000000002 216.8 144.8 317.6 96 542.4 93.60000000000001 610.4 111.2 635.2 121.60000000000001 )
( 529.6 556 476 573.6 349.6 616.8000000000001 120 563.2 109.60000000000001 463.20000000000005 112.80000000000001 420 115.2 395.20000000000005 )
( 635.2 121.60000000000001 670.4000000000001 120 815.2 146.4 888 194.4 952.8000000000001 266.40000000000003 979.2 338.40000000000003 989.6 394.40000000000003 ) ( 989.6 394.40000000000003 987.2 386.40000000000003 )
( 635.2 121.60000000000001 313.6 555.2 276.8 578.4 236 602.4 222.4 651.2 226.4 677.6 237.60000000000002 689.6 248.8 700.8000000000001 376 731.2 603.2 728 728.8000000000001 653.6 ) ( 728.8000000000001 653.6 700 552.8000000000001 648 481.6 606.4 385.6 590.4 333.6 )
#
( 115.2 395.20000000000005 116.80000000000001 334.40000000000003 157.60000000000002 213.60000000000002 216.8 144.8 317.6 96 542.4 93.60000000000001 610.4 111.2 635.2 121.60000000000001 )
( 529.6 556 476 573.6 349.6 616.8000000000001 120 563.2 109.60000000000001 463.20000000000005 112.80000000000001 420 115.2 395.20000000000005 )
( 635.2 121.60000000000001 340 244.8 204.8 399.20000000000005 179.20000000000002 488.8 180 681.6 327.20000000000005 738.4000000000001 590.4 717.6 690.4000000000001 582.4 655.2 392 607.2 340.8 590.4 333.6 )
#
( 115.2 395.20000000000005 116.80000000000001 334.40000000000003 157.60000000000002 213.60000000000002 216.8 144.8 317.6 96 542.4 93.60000000000001 610.4 111.2 635.2 121.60000000000001 )
( 529.6 556 476 573.6 349.6 616.8000000000001 120 563.2 109.60000000000001 463.20000000000005 112.80000000000001 420 115.2 395.20000000000005 )
( 635.2 121.60000000000001 804 189.60000000000002 948.8000000000001 266.40000000000003 979.2 322.40000000000003 984 360 987.2 386.40000000000003 )
( 987.2 386.40000000000003 987.2 518.4 942.4000000000001 606.4 814.4000000000001 668 654.4000000000001 654.4000000000001 566.4 606.4 549.6 574.4 529.6 556 )
( 635.2 121.60000000000001 340 244.8 204.8 399.20000000000005 179.20000000000002 488.8 180 681.6 327.20000000000005 738.4000000000001 590.4 717.6 690.4000000000001 582.4 655.2 392 607.2 340.8 590.4 333.6 )
#
( 115.2 395.20000000000005 116.80000000000001 334.40000000000003 157.60000000000002 213.60000000000002 216.8 144.8 317.6 96 542.4 93.60000000000001 610.4 111.2 635.2 121.60000000000001 )
( 529.6 556 476 573.6 349.6 616.8000000000001 120 563.2 109.60000000000001 463.20000000000005 112.80000000000001 420 115.2 395.20000000000005 )
( 635.2 121.60000000000001 804 189.60000000000002 948.8000000000001 266.40000000000003 979.2 322.40000000000003 984 360 987.2 386.40000000000003 )
( 635.2 121.60000000000001 340 244.8 204.8 399.20000000000005 179.20000000000002 488.8 180 681.6 327.20000000000005 738.4000000000001 590.4 717.6 690.4000000000001 582.4 655.2 392 607.2 340.8 590.4 333.6 )
#
( 115.2 395.20000000000005 116.80000000000001 334.40000000000003 157.60000000000002 213.60000000000002 216.8 144.8 317.6 96 542.4 93.60000000000001 610.4 111.2 635.2 121.60000000000001 )
( 529.6 556 476 573.6 349.6 616.8000000000001 120 563.2 109.60000000000001 463.20000000000005 112.80000000000001 420 115.2 395.20000000000005 )
( 635.2 121.60000000000001 804 189.60000000000002 948.8000000000001 266.40000000000003 979.2 322.40000000000003 984 360 987.2 386.40000000000003 )
( 529.6 556 669.6 616.8000000000001 707.2 630.4000000000001 802.4000000000001 634.4000000000001 956 555.2 1004 437.6 1004.8000000000001 392.8 987.2 386.40000000000003 )
( 635.2 121.60000000000001 340 244.8 204.8 399.20000000000005 179.20000000000002 488.8 180 681.6 327.20000000000005 738.4000000000001 590.4 717.6 690.4000000000001 582.4 655.2 392 607.2 340.8 590.4 333.6 )
#
( 36.800000000000004 228 68.8 126.4 125.60000000000001 92 240.8 72 )
( 173.60000000000002 381.6 92.80000000000001 360.8 42.400000000000006 274.40000000000003 36.800000000000004 228 )
( 240.8 72 334.40000000000003 100 406.40000000000003 149.6 407.20000000000005 201.60000000000002 )
( 407.20000000000005 201.60000000000002 409.6 275.2 392.8 307.20000000000005 360 344 336.8 354.40000000000003 )
( 336.8 354.40000000000003 321.6 374.40000000000003 298.40000000000003 385.6 251.20000000000002 392 197.60000000000002 399.20000000000005 173.60000000000002 381.6 )
#
( 36.800000000000004 228 68.8 126.4 125.60000000000001 92 240.8 72 )
( 173.60000000000002 381.6 92.80000000000001 360.8 42.400000000000006 274.40000000000003 36.800000000000004 228 )
( 407.20000000000005 201.60000000000002 409.6 275.2 392.8 307.20000000000005 360 344 336.8 354.40000000000003 )
( 336.8 354.40000000000003 321.6 374.40000000000003 298.40000000000003 385.6 251.20000000000002 392 197.60000000000002 399.20000000000005 173.60000000000002 381.6 )
#
( 36.800000000000004 228 68.8 126.4 125.60000000000001 92 240.8 72 )
( 173.60000000000002 381.6 92.80000000000001 360.8 42.400000000000006 274.40000000000003 36.800000000000004 228 )
( 240.8 72 284.8 75.2 347.20000000000005 105.60000000000001 404.8 157.60000000000002 407.20000000000005 201.60000000000002 )
( 407.20000000000005 201.60000000000002 409.6 275.2 392.8 307.20000000000005 360 344 336.8 354.40000000000003 )
( 407.20000000000005 201.60000000000002 439.20000000000005 174.4 408.8 31.200000000000003 230.4 38.400000000000006 141.6 52.800000000000004 130.4 115.2 173.60000000000002 381.6 )
( 336.8 354.40000000000003 321.6 374.40000000000003 298.40000000000003 385.6 251.20000000000002 392 197.60000000000002 399.20000000000005 173.60000000000002 381.6 )
#
( 36.800000000000004 228 68.8 126.4 125.60000000000001 92 240.8 72 )
( 173.60000000000002 381.6 92.80000000000001 360.8 42.400000000000006 274.40000000000003 36.800000000000004 228 )
( 240.8 72 284.8 75.2 347.20000000000005 105.60000000000001 404.8 157.60000000000002 407.20000000000005 201.60000000000002 )
( 407.20000000000005 201.60000000000002 409.6 275.2 392.8 307.20000000000005 360 344 336.8 354.40000000000003 )
( 336.8 354.40000000000003 321.6 374.40000000000003 298.40000000000003 385.6 251.20000000000002 392 197.60000000000002 399.20000000000005 173.60000000000002 381.6 )
#
( 36.800000000000004 228 68.8 126.4 125.60000000000001 92 240.8 72 )
( 173.60000000000002 381.6 92.80000000000001 360.8 42.400000000000006 274.40000000000003 36.800000000000004 228 )
( 240.8 72 284.8 75.2 347.20000000000005 105.60000000000001 404.8 157.60000000000002 407.20000000000005 201.60000000000002 )
( 407.20000000000005 201.60000000000002 409.6 275.2 392.8 307.20000000000005 360 344 336.8 354.40000000000003 )
( 336.8 354.40000000000003 321.6 374.40000000000003 298.40000000000003 385.6 251.20000000000002 392 197.60000000000002 399.20000000000005 173.60000000000002 381.6 )
#
( 36.800000000000004 228 68.8 126.4 125.60000000000001 92 240.8 72 )
( 173.60000000000002 381.6 92.80000000000001 360.8 42.400000000000006 274.40000000000003 36.800000000000004 228 )
( 240.8 72 284.8 75.2 347.20000000000005 105.60000000000001 404.8 157.60000000000002 407.20000000000005 201.60000000000002 )
( 240.8 72 217.60000000000002 158.4 198.4 250.4 174.4 353.6 173.60000000000002 381.6 )
( 407.20000000000005 201.60000000000002 409.6 275.2 392.8 307.20000000000005 360 344 336.8 354.40000000000003 )
( 336.8 354.40000000000003 321.6 374.40000000000003 298.40000000000003 385.6 251.20000000000002 392 197.60000000000002 399.20000000000005 173.60000000000002 381.6 )
#
( 36.800000000000004 228 68.8 126.4 125.60000000000001 92 240.8 72 )
( 173.60000000000002 381.6 92.80000000000001 360.8 42.400000000000006 274.40000000000003 36.800000000000004 228 )
( 240.8 72 284.8 75.2 347.20000000000005 105.60000000000001 404.8 157.60000000000002 407.20000000000005 201.60000000000002 )
( 240.8 72 217.60000000000002 158.4 198.4 250.4 174.4 353.6 173.60000000000002 381.6 )
( 407.20000000000005 201.60000000000002 409.6 275.2 392.8 307.20000000000005 360 344 336.8 354.40000000000003 )
( 336.8 354.40000000000003 321.6 374.40000000000003 298.40000000000003 385.6 251.20000000000002 392 197.60000000000002 399.20000000000005 173.60000000000002 381.6 )
#
( 173.60000000000002 381.6 92.80000000000001 360.8 42.400000000000006 274.40000000000003 36.800000000000004 228 )
( 336.8 354.40000000000003 36.800000000000004 228 )
( 36.800000000000004 228 13.600000000000001 94.4 119.2 35.2 262.40000000000003 8.8 381.6 64.8 460.8 136 407.20000000000005 201.60000000000002 )
( 240.8 72 284.8 75.2 347.20000000000005 105.60000000000001 404.8 157.60000000000002 407.20000000000005 201.60000000000002 )
( 240.8 72 217.60000000000002 158.4 198.4 250.4 174.4 353.6 173.60000000000002 381.6 )
( 407.20000000000005 201.60000000000002 409.6 275.2 392.8 307.20000000000005 360 344 336.8 354.40000000000003 )
( 336.8 354.40000000000003 321.6 374.40000000000003 298.40000000000003 385.6 251.20000000000002 392 197.60000000000002 399.20000000000005 173.60000000000002 381.6 )
#
( 173.60000000000002 381.6 92.80000000000001 360.8 42.400000000000006 274.40000000000003 36.800000000000004 228 )
( 36.800000000000004 228 13.600000000000001 94.4 119.2 35.2 262.40000000000003 8.8 381.6 64.8 460.8 136 407.20000000000005 201.60000000000002 )
( 240.8 72 284.8 75.2 347.20000000000005 105.60000000000001 404.8 157.60000000000002 407.20000000000005 201.60000000000002 )
( 240.8 72 217.60000000000002 158.4 198.4 250.4 174.4 353.6 173.60000000000002 381.6 )
( 407.20000000000005 201.60000000000002 409.6 275.2 392.8 307.20000000000005 360 344 336.8 354.40000000000003 )
( 336.8 354.40000000000003 321.6 374.40000000000003 298.40000000000003 385.6 251.20000000000002 392 197.60000000000002 399.20000000000005 173.60000000000002 381.6 )
#
( 173.60000000000002 381.6 92.80000000000001 360.8 42.400000000000006 274.40000000000003 36.800000000000004 228 )
( 36.800000000000004 228 13.600000000000001 94.4 119.2 35.2 262.40000000000003 8.8 381.6 64.8 460.8 136 407.20000000000005 201.60000000000002 )
( 240.8 72 284.8 75.2 347.20000000000005 105.60000000000001 404.8 157.60000000000002 407.20000000000005 201.60000000000002 )
( 240.8 72 217.60000000000002 158.4 198.4 250.4 174.4 353.6 173.60000000000002 381.6 )
( 407.20000000000005 201.60000000000002 409.6 275.2 392.8 307.20000000000005 360 344 336.8 354.40000000000003 )
( 336.8 354.40000000000003 321.6 374.40000000000003 298.40000000000003 385.6 251.20000000000002 392 197.60000000000002 399.20000000000005 173.60000000000002 381.6 )
#
( 173.60000000000002 381.6 92.80000000000001 360.8 42.400000000000006 274.40000000000003 36.800000000000004 228 )
( 240.8 72 284.8 75.2 347.20000000000005 105.60000000000001 404.8 157.60000000000002 407.20000000000005 201.60000000000002 )
( 240.8 72 217.60000000000002 158.4 198.4 250.4 174.4 353.6 173.60000000000002 381.6 )
( 407.20000000000005 201.60000000000002 409.6 275.2 392.8 307.20000000000005 360 344 336.8 354.40000000000003 )
( 336.8 354.40000000000003 321.6 374.40000000000003 298.40000000000003 385.6 251.20000000000002 392 197.60000000000002 399.20000000000005 173.60000000000002 381.6 )
#
( 173.60000000000002 381.6 92.80000000000001 360.8 42.400000000000006 274.40000000000003 36.800000000000004 228 )
( 240.8 72 284.8 75.2 347.20000000000005 105.60000000000001 404.8 157.60000000000002 407.20000000000005 201.60000000000002 )
( 240.8 72 217.60000000000002 158.4 198.4 250.4 174.4 353.6 173.60000000000002 381.6 )
( 407.20000000000005 201.60000000000002 409.6 275.2 392.8 307.20000000000005 360 344 336.8 354.40000000000003 )
( 336.8 354.40000000000003 321.6 374.40000000000003 298.40000000000003 385.6 251.20000000000002 392 197.60000000000002 399.20000000000005 173.60000000000002 381.6 )
#
( 173.60000000000002 381.6 92.80000000000001 360.8 42.400000000000006 274.40000000000003 36.800000000000004 228 )
( 240.8 72 217.60000000000002 158.4 198.4 250.4 174.4 353.6 173.60000000000002 381.6 )
( 407.20000000000005 201.60000000000002 409.6 275.2 392.8 307.20000000000005 360 344 336.8 354.40000000000003 )
( 336.8 354.40000000000003 321.6 374.40000000000003 298.40000000000003 385.6 251.20000000000002 392 197.60000000000002 399.20000000000005 173.60000000000002 381.6 )
#
( 173.60000000000002 381.6 92.80000000000001 360.8 42.400000000000006 274.40000000000003 36.800000000000004 228 )
( 240.8 72 217.60000000000002 158.4 198.4 250.4 174.4 353.6 173.60000000000002 381.6 )
( 336.8 354.40000000000003 321.6 374.40000000000003 298.40000000000003 385.6 251.20000000000002 392 197.60000000000002 399.20000000000005 173.60000000000002 381.6 )
#
( 173.60000000000002 381.6 92.80000000000001 360.8 42.400000000000006 274.40000000000003 36.800000000000004 228 )
( 240.8 72 217.60000000000002 158.4 198.4 250.4 174.4 353.6 173.60000000000002 381.6 )
( 336.8 354.40000000000003 321.6 374.40000000000003 298.40000000000003 385.6 251.20000000000002 392 197.60000000000002 399.20000000000005 173.60000000000002 381.6 )
#
( 173.60000000000002 381.6 92.80000000000001 360.8 42.400000000000006 274.40000000000003 36.800000000000004 228 )
( 240.8 72 217.60000000000002 158.4 198.4 250.4 174.4 353.6 173.60000000000002 381.6 )
#
( 240.8 72 217.60000000000002 158.4 198.4 250.4 174.4 353.6 173.60000000000002 381.6 )
#
#
( 36.800000000000004 228 79.2 136 136.8 177.60000000000002 144 239.20000000000002 158.4 295.2 229.60000000000002 180 229.60000000000002 180 239.20000000000002 168.8 257.6 204 284.8 269.6 284.8 269.6 368 292.8 356 227.20000000000002 376.8 214.4 407.20000000000005 201.60000000000002 )
#
( 122.4 443.20000000000005 124.80000000000001 392 280.8 368 362.40000000000003 458.40000000000003 440.8 502.40000000000003 681.6 336.8 792.8000000000001 344 852.8000000000001 474.40000000000003 893.6 436 )
#
( 122.4 443.20000000000005 124.80000000000001 392 280.8 368 362.40000000000003 458.40000000000003 440.8 502.40000000000003 681.6 336.8 792.8000000000001 344 852.8000000000001 474.40000000000003 893.6 436 )
( 122.4 443.20000000000005 198.4 601.6 287.2 672.8000000000001 376.8 680 423.20000000000005 698.4000000000001 )
( 122.4 443.20000000000005 94.4 289.6 263.2 201.60000000000002 432 156.8 484.8 124 )
( 854.4000000000001 167.20000000000002 812 140 712 83.2 573.6 60 364.8 69.60000000000001 139.20000000000002 168.8 13.600000000000001 277.6 47.2 351.20000000000005 76.80000000000001 391.20000000000005 101.60000000000001 416 122.4 443.20000000000005 )
( 484.8 124 634.4000000000001 162.4 752 199.20000000000002 827.2 260 872 353.6 888 404 893.6 436 )
( 484.8 124 503.20000000000005 215.20000000000002 634.4000000000001 314.40000000000003 672.8000000000001 417.6 628 500.8 400.8 526.4 400 526.4 357.6 568 423.20000000000005 698.4000000000001 )
( 893.6 436 871.2 520.8000000000001 771.2 578.4 656 648 546.4 672.8000000000001 496 680.8000000000001 423.20000000000005 698.4000000000001 )
#
( 122.4 443.20000000000005 124.80000000000001 392 280.8 368 362.40000000000003 458.40000000000003 440.8 502.40000000000003 681.6 336.8 792.8000000000001 344 852.8000000000001 474.40000000000003 893.6 436 )
( 122.4 443.20000000000005 198.4 601.6 287.2 672.8000000000001 376.8 680 423.20000000000005 698.4000000000001 )
( 122.4 443.20000000000005 94.4 289.6 263.2 201.60000000000002 432 156.8 484.8 124 )
( 854.4000000000001 167.20000000000002 812 140 712 83.2 573.6 60 364.8 69.60000000000001 139.20000000000002 168.8 13.600000000000001 277.6 47.2 351.20000000000005 76.80000000000001 391.20000000000005 101.60000000000001 416 122.4 443.20000000000005 )
( 484.8 124 634.4000000000001 162.4 752 199.20000000000002 827.2 260 872 353.6 888 404 893.6 436 )
( 484.8 124 503.20000000000005 215.20000000000002 634.4000000000001 314.40000000000003 672.8000000000001 417.6 628 500.8 400.8 526.4 400 526.4 357.6 568 423.20000000000005 698.4000000000001 )
( 893.6 436 871.2 520.8000000000001 771.2 578.4 656 648 546.4 672.8000000000001 496 680.8000000000001 423.20000000000005 698.4000000000001 )
#
( 122.4 443.20000000000005 124.80000000000001 392 280.8 368 362.40000000000003 458.40000000000003 440.8 502.40000000000003 681.6 336.8 792.8000000000001 344 852.8000000000001 474.40000000000003 893.6 436 )
( 122.4 443.20000000000005 198.4 601.6 287.2 672.8000000000001 376.8 680 423.20000000000005 698.4000000000001 )
( 122.4 443.20000000000005 94.4 289.6 263.2 201.60000000000002 432 156.8 484.8 124 )
( 854.4000000000001 167.20000000000002 812 140 712 83.2 573.6 60 364.8 69.60000000000001 139.20000000000002 168.8 13.600000000000001 277.6 47.2 351.20000000000005 76.80000000000001 391.20000000000005 101.60000000000001 416 122.4 443.20000000000005 )
( 484.8 124 634.4000000000001 162.4 752 199.20000000000002 827.2 260 872 353.6 888 404 893.6 436 )
( 484.8 124 503.20000000000005 215.20000000000002 634.4000000000001 314.40000000000003 672.8000000000001 417.6 628 500.8 400.8 526.4 400 526.4 357.6 568 423.20000000000005 698.4000000000001 )
( 484.8 124 606.4 87.2 741.6 127.2 782.4000000000001 168 806.4000000000001 195.20000000000002 821.6 201.60000000000002 828 198.4 817.6 190.4 817.6 190.4 812.8000000000001 183.20000000000002 812.8000000000001 181.60000000000002 815.2 179.20000000000002 826.4000000000001 177.60000000000002 854.4000000000001 167.20000000000002 )
( 893.6 436 871.2 520.8000000000001 771.2 578.4 656 648 546.4 672.8000000000001 496 680.8000000000001 423.20000000000005 698.4000000000001 )
( 854.4000000000001 167.20000000000002 876.8000000000001 220 896.8000000000001 270.40000000000003 924.8000000000001 404.8 893.6 436 )
#
( 122.4 443.20000000000005 124.80000000000001 392 280.8 368 362.40000000000003 458.40000000000003 440.8 502.40000000000003 681.6 336.8 792.8000000000001 344 852.8000000000001 474.40000000000003 893.6 436 )
( 122.4 443.20000000000005 198.4 601.6 287.2 672.8000000000001 376.8 680 423.20000000000005 698.4000000000001 )
( 122.4 443.20000000000005 94.4 289.6 263.2 201.60000000000002 432 156.8 484.8 124 )
( 854.4000000000001 167.20000000000002 812 140 712 83.2 573.6 60 364.8 69.60000000000001 139.20000000000002 168.8 13.600000000000001 277.6 47.2 351.20000000000005 76.80000000000001 391.20000000000005 101.60000000000001 416 122.4 443.20000000000005 )
( 484.8 124 634.4000000000001 162.4 752 199.20000000000002 827.2 260 872 353.6 888 404 893.6 436 )
( 484.8 124 503.20000000000005 215.20000000000002 634.4000000000001 314.40000000000003 672.8000000000001 417.6 628 500.8 400.8 526.4 400 526.4 357.6 568 423.20000000000005 698.4000000000001 )
( 484.8 124 606.4 87.2 741.6 127.2 782.4000000000001 168 806.4000000000001 195.20000000000002 821.6 201.60000000000002 828 198.4 817.6 190.4 817.6 190.4 812.8000000000001 183.20000000000002 812.8000000000001 181.60000000000002 815.2 179.20000000000002 826.4000000000001 177.60000000000002 854.4000000000001 167.20000000000002 )
( 893.6 436 871.2 520.8000000000001 771.2 578.4 656 648 546.4 672.8000000000001 496 680.8000000000001 423.20000000000005 698.4000000000001 )
( 854.4000000000001 167.20000000000002 876.8000000000001 220 896.8000000000001 270.40000000000003 924.8000000000001 404.8 893.6 436 )
#
( 122.4 443.20000000000005 124.80000000000001 392 280.8 368 362.40000000000003 458.40000000000003 440.8 502.40000000000003 681.6 336.8 792.8000000000001 344 852.8000000000001 474.40000000000003 893.6 436 )
( 122.4 443.20000000000005 198.4 601.6 287.2 672.8000000000001 376.8 680 423.20000000000005 698.4000000000001 )
( 122.4 443.20000000000005 94.4 289.6 263.2 201.60000000000002 432 156.8 484.8 124 )
( 854.4000000000001 167.20000000000002 812 140 712 83.2 573.6 60 364.8 69.60000000000001 139.20000000000002 168.8 13.600000000000001 277.6 47.2 351.20000000000005 76.80000000000001 391.20000000000005 101.60000000000001 416 122.4 443.20000000000005 )
( 484.8 124 503.20000000000005 215.20000000000002 634.4000000000001 314.40000000000003 672.8000000000001 417.6 628 500.8 400.8 526.4 400 526.4 357.6 568 423.20000000000005 698.4000000000001 )
( 893.6 436 871.2 520.8000000000001 771.2 578.4 656 648 546.4 672.8000000000001 496 680.8000000000001 423.20000000000005 698.4000000000001 )
( 854.4000000000001 167.20000000000002 876.8000000000001 220 896.8000000000001 270.40000000000003 924.8000000000001 404.8 893.6 436 )
#
( 67.95703956350062 279.5620340491821 69.2233198038143 244.0620932175399 151.53153542420324 227.42149595270766 194.58506359486822 290.10107898357586 235.95021811178162 320.6088406357684 363.0003355565871 205.78871950842571 421.67132002445413 210.78089868787538 453.32832603229605 301.19481049346405 474.8550901176285 274.5698548697324 )
( 67.95703956350062 279.5620340491821 108.05591384010036 389.38997599707506 154.90828273170635 438.7570812160775 202.18274503675028 443.74926039552713 226.66416301614802 456.5070516318986 )
( 67.95703956350062 279.5620340491821 53.1837700931744 173.06221155425558 142.24548032856958 112.04668824987061 231.3071905639648 80.98424002218371 259.1653558508657 58.24209042691293 )
( 454.17251285917183 88.19516550361102 431.80156194696355 69.33582193680111 379.039885267227 29.95307507669808 306.0177247424717 13.867164387360223 195.8513438351819 20.523403293293136 76.82100124569637 89.30453865459984 10.552335335947301 164.74191292183946 28.280258700338766 215.7730778673251 43.89771499754078 243.50740664204554 56.982610814115425 260.7026904823722 67.95703956350062 279.5620340491821 )
( 259.1653558508657 58.24209042691293 268.8735043599372 121.47636003327555 338.09682416375153 190.25749539458226 358.35730800877036 261.812063633361 334.72007685624834 319.49946748477953 214.84554743988704 337.2494379006006 214.42345402644912 337.2494379006006 192.05250311424086 366.0931398263099 226.66416301614802 456.5070516318986 )
( 259.1653558508657 58.24209042691293 321.2130876262358 107.05450907042092 384.1050062284817 154.2028679874457 384.1050062284817 159.19504716689536 383.6829128150439 173.06221155425558 431.80156194696355 171.39815182777235 433.912029014153 133.67946469415256 430.95737512008776 77.10143399372285 441.0876170425972 89.30453865459984 454.17251285917183 88.19516550361102 )
( 474.8550901176285 274.5698548697324 463.03647454136757 333.3666318721398 410.27479786163104 373.3040653077372 349.49334632657457 421.56179737575076 291.66654868558334 438.7570812160775 265.0746636389962 444.30394697102156 226.66416301614802 456.5070516318986 )
( 454.17251285917183 88.19516550361102 465.9911284354328 124.804479486242 476.5434637713801 159.7497337423898 491.31673324170634 252.93707842545047 474.8550901176285 274.5698548697324 )
#
( 158.60942595187018 463.5017253346576 240.7757425058419 641.6828758854532 336.780596584693 721.7744031532351 433.65035925884916 729.8735463600893 483.8150577865372 750.5713567776061 )
( 158.60942595187018 463.5017253346576 128.3376251161964 290.72000358843155 310.833338725544 191.73047550465625 493.3290523348918 141.335806662007 550.4130196250195 104.43970983078162 )
( 950.0007906559136 153.03456907190773 904.1606351047504 122.43780584601352 796.0470606916297 58.544564991940355 646.4178737038708 32.44732576985414 420.6767303292747 43.24618337899327 176.77250645327447 154.8343786734309 40.981856990394874 277.22143157700765 77.30801799320342 360.01267324707436 109.30963601948717 405.007913285154 136.1218024739411 432.9049621087634 158.60942595187018 463.5017253346576 )
( 550.4130196250195 104.43970983078162 570.3059173170337 207.02885711760334 712.1509269470481 318.617052412041 753.6665395216864 434.70477171028654 705.2316581846082 528.2948709894923 459.59761711799814 557.0918246138633 458.73270852269314 557.0918246138633 412.89255297153 603.8868742534662 483.8150577865372 750.5713567776061 )
( 550.4130196250195 104.43970983078162 677.5545831348494 183.6313322978019 806.4259638352893 260.1232403625374 806.4259638352893 268.22238356939175 805.5610552399844 290.72000358843155 904.1606351047504 288.0202891861468 908.4851780812753 226.82676273435843 902.4308179141404 135.03647305667585 923.1886242014597 154.8343786734309 950.0007906559136 153.03456907190773 )
( 992.3813118258569 455.4025821278032 968.1638711573179 550.7924910085322 860.0502967441972 615.5856366633669 735.5034590202821 693.8773543296255 617.0109814635018 721.7744031532351 562.521739959289 730.773451160851 483.8150577865372 750.5713567776061 )
( 950.0007906559136 153.03456907190773 974.2182313244526 212.4282859221729 995.8409462070769 269.12228837015334 1026.1127470427507 420.3062948981011 992.3813118258569 455.4025821278032 )
#
( 158.60942595187018 463.5017253346576 240.7757425058419 641.6828758854532 336.780596584693 721.7744031532351 433.65035925884916 729.8735463600893 483.8150577865372 750.5713567776061 )
( 158.60942595187018 463.5017253346576 128.3376251161964 290.72000358843155 310.833338725544 191.73047550465625 493.3290523348918 141.335806662007 550.4130196250195 104.43970983078162 )
( 950.0007906559136 153.03456907190773 904.1606351047504 122.43780584601352 796.0470606916297 58.544564991940355 646.4178737038708 32.44732576985414 420.6767303292747 43.24618337899327 176.77250645327447 154.8343786734309 40.981856990394874 277.22143157700765 77.30801799320342 360.01267324707436 109.30963601948717 405.007913285154 136.1218024739411 432.9049621087634 158.60942595187018 463.5017253346576 )
( 550.4130196250195 104.43970983078162 570.3059173170337 207.02885711760334 712.1509269470481 318.617052412041 753.6665395216864 434.70477171028654 705.2316581846082 528.2948709894923 459.59761711799814 557.0918246138633 458.73270852269314 557.0918246138633 412.89255297153 603.8868742534662 483.8150577865372 750.5713567776061 )
( 550.4130196250195 104.43970983078162 677.5545831348494 183.6313322978019 806.4259638352893 260.1232403625374 806.4259638352893 268.22238356939175 805.5610552399844 290.72000358843155 904.1606351047504 288.0202891861468 908.4851780812753 226.82676273435843 902.4308179141404 135.03647305667585 923.1886242014597 154.8343786734309 950.0007906559136 153.03456907190773 )
( 992.3813118258569 455.4025821278032 968.1638711573179 550.7924910085322 860.0502967441972 615.5856366633669 735.5034590202821 693.8773543296255 617.0109814635018 721.7744031532351 562.521739959289 730.773451160851 483.8150577865372 750.5713567776061 )
( 950.0007906559136 153.03456907190773 974.2182313244526 212.4282859221729 995.8409462070769 269.12228837015334 1026.1127470427507 420.3062948981011 992.3813118258569 455.4025821278032 )
#
( 158.60942595187018 463.5017253346576 240.7757425058419 641.6828758854532 336.780596584693 721.7744031532351 433.65035925884916 729.8735463600893 483.8150577865372 750.5713567776061 )
( 158.60942595187018 463.5017253346576 128.3376251161964 290.72000358843155 310.833338725544 191.73047550465625 493.3290523348918 141.335806662007 550.4130196250195 104.43970983078162 )
( 950.0007906559136 153.03456907190773 904.1606351047504 122.43780584601352 796.0470606916297 58.544564991940355 646.4178737038708 32.44732576985414 420.6767303292747 43.24618337899327 176.77250645327447 154.8343786734309 40.981856990394874 277.22143157700765 77.30801799320342 360.01267324707436 109.30963601948717 405.007913285154 136.1218024739411 432.9049621087634 158.60942595187018 463.5017253346576 )
( 550.4130196250195 104.43970983078162 570.3059173170337 207.02885711760334 712.1509269470481 318.617052412041 753.6665395216864 434.70477171028654 705.2316581846082 528.2948709894923 459.59761711799814 557.0918246138633 458.73270852269314 557.0918246138633 412.89255297153 603.8868742534662 483.8150577865372 750.5713567776061 )
( 992.3813118258569 455.4025821278032 968.1638711573179 550.7924910085322 860.0502967441972 615.5856366633669 735.5034590202821 693.8773543296255 617.0109814635018 721.7744031532351 562.521739959289 730.773451160851 483.8150577865372 750.5713567776061 )
( 950.0007906559136 153.03456907190773 974.2182313244526 212.4282859221729 995.8409462070769 269.12228837015334 1026.1127470427507 420.3062948981011 992.3813118258569 455.4025821278032 )
#
( 158.60942595187018 463.5017253346576 240.7757425058419 641.6828758854532 336.780596584693 721.7744031532351 433.65035925884916 729.8735463600893 483.8150577865372 750.5713567776061 )
( 158.60942595187018 463.5017253346576 128.3376251161964 290.72000358843155 310.833338725544 191.73047550465625 493.3290523348918 141.335806662007 550.4130196250195 104.43970983078162 )
( 950.0007906559136 153.03456907190773 904.1606351047504 122.43780584601352 796.0470606916297 58.544564991940355 646.4178737038708 32.44732576985414 420.6767303292747 43.24618337899327 176.77250645327447 154.8343786734309 40.981856990394874 277.22143157700765 77.30801799320342 360.01267324707436 109.30963601948717 405.007913285154 136.1218024739411 432.9049621087634 158.60942595187018 463.5017253346576 )
( 550.4130196250195 104.43970983078162 570.3059173170337 207.02885711760334 712.1509269470481 318.617052412041 753.6665395216864 434.70477171028654 705.2316581846082 528.2948709894923 459.59761711799814 557.0918246138633 458.73270852269314 557.0918246138633 412.89255297153 603.8868742534662 483.8150577865372 750.5713567776061 )
( 550.4130196250195 104.43970983078162 392.8 395.20000000000005 331.20000000000005 596.8000000000001 356.8 740.8000000000001 476.8 789.6 607.2 769.6 632 757.6 713.6 670.4000000000001 826.4000000000001 504 878.4000000000001 255.20000000000002 928.8000000000001 168.8 950.0007906559136 153.03456907190773 )
( 992.3813118258569 455.4025821278032 968.1638711573179 550.7924910085322 860.0502967441972 615.5856366633669 735.5034590202821 693.8773543296255 617.0109814635018 721.7744031532351 562.521739959289 730.773451160851 483.8150577865372 750.5713567776061 )
( 950.0007906559136 153.03456907190773 974.2182313244526 212.4282859221729 995.8409462070769 269.12228837015334 1026.1127470427507 420.3062948981011 992.3813118258569 455.4025821278032 )
#
( 158.60942595187018 463.5017253346576 240.7757425058419 641.6828758854532 336.780596584693 721.7744031532351 433.65035925884916 729.8735463600893 483.8150577865372 750.5713567776061 )
( 158.60942595187018 463.5017253346576 128.3376251161964 290.72000358843155 310.833338725544 191.73047550465625 493.3290523348918 141.335806662007 550.4130196250195 104.43970983078162 )
( 950.0007906559136 153.03456907190773 904.1606351047504 122.43780584601352 796.0470606916297 58.544564991940355 646.4178737038708 32.44732576985414 420.6767303292747 43.24618337899327 176.77250645327447 154.8343786734309 40.981856990394874 277.22143157700765 77.30801799320342 360.01267324707436 109.30963601948717 405.007913285154 136.1218024739411 432.9049621087634 158.60942595187018 463.5017253346576 )
( 550.4130196250195 104.43970983078162 392.8 395.20000000000005 331.20000000000005 596.8000000000001 356.8 740.8000000000001 476.8 789.6 607.2 769.6 632 757.6 713.6 670.4000000000001 826.4000000000001 504 878.4000000000001 255.20000000000002 928.8000000000001 168.8 950.0007906559136 153.03456907190773 )
( 992.3813118258569 455.4025821278032 968.1638711573179 550.7924910085322 860.0502967441972 615.5856366633669 735.5034590202821 693.8773543296255 617.0109814635018 721.7744031532351 562.521739959289 730.773451160851 483.8150577865372 750.5713567776061 )
( 950.0007906559136 153.03456907190773 974.2182313244526 212.4282859221729 995.8409462070769 269.12228837015334 1026.1127470427507 420.3062948981011 992.3813118258569 455.4025821278032 )
#
( 158.60942595187018 463.5017253346576 240.7757425058419 641.6828758854532 336.780596584693 721.7744031532351 433.65035925884916 729.8735463600893 483.8150577865372 750.5713567776061 )
( 158.60942595187018 463.5017253346576 128.3376251161964 290.72000358843155 310.833338725544 191.73047550465625 493.3290523348918 141.335806662007 550.4130196250195 104.43970983078162 )
( 950.0007906559136 153.03456907190773 904.1606351047504 122.43780584601352 796.0470606916297 58.544564991940355 646.4178737038708 32.44732576985414 420.6767303292747 43.24618337899327 176.77250645327447 154.8343786734309 40.981856990394874 277.22143157700765 77.30801799320342 360.01267324707436 109.30963601948717 405.007913285154 136.1218024739411 432.9049621087634 158.60942595187018 463.5017253346576 )
( 550.4130196250195 104.43970983078162 392.8 395.20000000000005 331.20000000000005 596.8000000000001 356.8 740.8000000000001 476.8 789.6 607.2 769.6 632 757.6 713.6 670.4000000000001 826.4000000000001 504 878.4000000000001 255.20000000000002 928.8000000000001 168.8 950.0007906559136 153.03456907190773 )
( 992.3813118258569 455.4025821278032 968.1638711573179 550.7924910085322 860.0502967441972 615.5856366633669 735.5034590202821 693.8773543296255 617.0109814635018 721.7744031532351 562.521739959289 730.773451160851 483.8150577865372 750.5713567776061 )
( 950.0007906559136 153.03456907190773 974.2182313244526 212.4282859221729 995.8409462070769 269.12228837015334 1026.1127470427507 420.3062948981011 992.3813118258569 455.4025821278032 )
#
( 158.60942595187018 463.5017253346576 240.7757425058419 641.6828758854532 336.780596584693 721.7744031532351 433.65035925884916 729.8735463600893 483.8150577865372 750.5713567776061 )
( 158.60942595187018 463.5017253346576 128.3376251161964 290.72000358843155 310.833338725544 191.73047550465625 493.3290523348918 141.335806662007 550.4130196250195 104.43970983078162 )
( 950.0007906559136 153.03456907190773 904.1606351047504 122.43780584601352 796.0470606916297 58.544564991940355 646.4178737038708 32.44732576985414 420.6767303292747 43.24618337899327 176.77250645327447 154.8343786734309 40.981856990394874 277.22143157700765 77.30801799320342 360.01267324707436 109.30963601948717 405.007913285154 136.1218024739411 432.9049621087634 158.60942595187018 463.5017253346576 )
( 992.3813118258569 455.4025821278032 968.1638711573179 550.7924910085322 860.0502967441972 615.5856366633669 735.5034590202821 693.8773543296255 617.0109814635018 721.7744031532351 562.521739959289 730.773451160851 483.8150577865372 750.5713567776061 )
( 950.0007906559136 153.03456907190773 974.2182313244526 212.4282859221729 995.8409462070769 269.12228837015334 1026.1127470427507 420.3062948981011 992.3813118258569 455.4025821278032 )
#
( 158.60942595187018 463.5017253346576 240.7757425058419 641.6828758854532 336.780596584693 721.7744031532351 433.65035925884916 729.8735463600893 483.8150577865372 750.5713567776061 )
( 158.60942595187018 463.5017253346576 128.3376251161964 290.72000358843155 310.833338725544 191.73047550465625 493.3290523348918 141.335806662007 550.4130196250195 104.43970983078162 )
( 950.0007906559136 153.03456907190773 904.1606351047504 122.43780584601352 796.0470606916297 58.544564991940355 646.4178737038708 32.44732576985414 420.6767303292747 43.24618337899327 176.77250645327447 154.8343786734309 40.981856990394874 277.22143157700765 77.30801799320342 360.01267324707436 109.30963601948717 405.007913285154 136.1218024739411 432.9049621087634 158.60942595187018 463.5017253346576 )
( 550.4130196250195 104.43970983078162 599.2 300.8 546.4 476 580.8000000000001 556.8000000000001 740.8000000000001 496 740.8000000000001 449.6 674.4000000000001 381.6 714.4000000000001 332.8 750.4000000000001 404.8 815.2 440 906.4000000000001 445.6 946.4000000000001 448.8 976 453.6 992.3813118258569 455.4025821278032 )
( 992.3813118258569 455.4025821278032 968.1638711573179 550.7924910085322 860.0502967441972 615.5856366633669 735.5034590202821 693.8773543296255 617.0109814635018 721.7744031532351 562.521739959289 730.773451160851 483.8150577865372 750.5713567776061 )
( 950.0007906559136 153.03456907190773 974.2182313244526 212.4282859221729 995.8409462070769 269.12228837015334 1026.1127470427507 420.3062948981011 992.3813118258569 455.4025821278032 )
#
( 158.60942595187018 463.5017253346576 240.7757425058419 641.6828758854532 336.780596584693 721.7744031532351 433.65035925884916 729.8735463600893 483.8150577865372 750.5713567776061 )
( 158.60942595187018 463.5017253346576 128.3376251161964 290.72000358843155 310.833338725544 191.73047550465625 493.3290523348918 141.335806662007 550.4130196250195 104.43970983078162 )
( 950.0007906559136 153.03456907190773 904.1606351047504 122.43780584601352 796.0470606916297 58.544564991940355 646.4178737038708 32.44732576985414 420.6767303292747 43.24618337899327 176.77250645327447 154.8343786734309 40.981856990394874 277.22143157700765 77.30801799320342 360.01267324707436 109.30963601948717 405.007913285154 136.1218024739411 432.9049621087634 158.60942595187018 463.5017253346576 )
( 992.3813118258569 455.4025821278032 968.1638711573179 550.7924910085322 860.0502967441972 615.5856366633669 735.5034590202821 693.8773543296255 617.0109814635018 721.7744031532351 562.521739959289 730.773451160851 483.8150577865372 750.5713567776061 )
( 950.0007906559136 153.03456907190773 974.2182313244526 212.4282859221729 995.8409462070769 269.12228837015334 1026.1127470427507 420.3062948981011 992.3813118258569 455.4025821278032 )
#
( 158.60942595187018 463.5017253346576 240.7757425058419 641.6828758854532 336.780596584693 721.7744031532351 433.65035925884916 729.8735463600893 483.8150577865372 750.5713567776061 )
( 158.60942595187018 463.5017253346576 128.3376251161964 290.72000358843155 310.833338725544 191.73047550465625 493.3290523348918 141.335806662007 550.4130196250195 104.43970983078162 )
( 950.0007906559136 153.03456907190773 904.1606351047504 122.43780584601352 796.0470606916297 58.544564991940355 646.4178737038708 32.44732576985414 420.6767303292747 43.24618337899327 176.77250645327447 154.8343786734309 40.981856990394874 277.22143157700765 77.30801799320342 360.01267324707436 109.30963601948717 405.007913285154 136.1218024739411 432.9049621087634 158.60942595187018 463.5017253346576 )
( 992.3813118258569 455.4025821278032 968.1638711573179 550.7924910085322 860.0502967441972 615.5856366633669 735.5034590202821 693.8773543296255 617.0109814635018 721.7744031532351 562.521739959289 730.773451160851 483.8150577865372 750.5713567776061 )
( 950.0007906559136 153.03456907190773 974.2182313244526 212.4282859221729 995.8409462070769 269.12228837015334 1026.1127470427507 420.3062948981011 992.3813118258569 455.4025821278032 )
#
( 158.60942595187018 463.5017253346576 240.7757425058419 641.6828758854532 336.780596584693 721.7744031532351 433.65035925884916 729.8735463600893 483.8150577865372 750.5713567776061 )
( 158.60942595187018 463.5017253346576 128.3376251161964 290.72000358843155 310.833338725544 191.73047550465625 493.3290523348918 141.335806662007 550.4130196250195 104.43970983078162 )
( 950.0007906559136 153.03456907190773 904.1606351047504 122.43780584601352 796.0470606916297 58.544564991940355 646.4178737038708 32.44732576985414 420.6767303292747 43.24618337899327 176.77250645327447 154.8343786734309 40.981856990394874 277.22143157700765 77.30801799320342 360.01267324707436 109.30963601948717 405.007913285154 136.1218024739411 432.9049621087634 158.60942595187018 463.5017253346576 )
( 550.4130196250195 104.43970983078162 560.8000000000001 112 562.4 114.4 562.4 120 560.8000000000001 124 560.8000000000001 131.20000000000002 563.2 136.8 566.4 139.20000000000002 574.4 139.20000000000002 582.4 133.6 593.6 120.80000000000001 593.6 120.80000000000001 596.8000000000001 118.4 600.8000000000001 114.4 608 103.2 620 100.80000000000001 628.8000000000001 114.4 632 120 633.6 124.80000000000001 639.2 132 644.8000000000001 139.20000000000002 651.2 148 656.8000000000001 152 670.4000000000001 152 680 152.8 680 153.60000000000002 683.2 152.8 686.4000000000001 148 688.8000000000001 145.6 692 140 698.4000000000001 128 708.8000000000001 128.8 721.6 133.6 729.6 136 736 136.8 737.6 136.8 741.6 137.6 748.8000000000001 138.4 763.2 151.20000000000002 768 164 771.2 166.4 777.6 167.20000000000002 788 167.20000000000002 794.4000000000001 168 802.4000000000001 169.60000000000002 810.4000000000001 170.4 819.2 168.8 831.2 168.8 831.2 168.8 837.6 167.20000000000002 849.6 164 855.2 164 856.8000000000001 162.4 868 160 873.6 158.4 887.2 158.4 895.2 160 902.4000000000001 160.8 911.2 160.8 925.6 158.4 933.6 156.8 939.2 156.8 950.0007906559136 153.03456907190773 )
( 992.3813118258569 455.4025821278032 968.1638711573179 550.7924910085322 860.0502967441972 615.5856366633669 735.5034590202821 693.8773543296255 617.0109814635018 721.7744031532351 562.521739959289 730.773451160851 483.8150577865372 750.5713567776061 )
( 950.0007906559136 153.03456907190773 974.2182313244526 212.4282859221729 995.8409462070769 269.12228837015334 1026.1127470427507 420.3062948981011 992.3813118258569 455.4025821278032 )
#
( 83.2 288 84.80000000000001 300 85.60000000000001 305.6 88 309.6 90.4 312.8 96.80000000000001 315.20000000000005 102.4 311.20000000000005 108.80000000000001 300.8 108.80000000000001 296.8 109.60000000000001 287.2 111.2 280 115.2 272 126.4 252 126.4 252 128 250.4 129.6 253.60000000000002 131.20000000000002 264.8 132 282.40000000000003 131.20000000000002 296.8 131.20000000000002 304.8 132.8 311.20000000000005 134.4 312.8 136.8 312 137.6 308 142.4 297.6 146.4 288.8 153.60000000000002 278.40000000000003 157.60000000000002 276.8 162.4 282.40000000000003 164 288.8 164 293.6 166.4 302.40000000000003 168 312 174.4 316 178.4 309.6 180.8 304 184 296 188 287.2 189.60000000000002 284.8 192 280.8 194.4 279.2 200.8 288 200.8 293.6 200 308.8 199.20000000000002 316 200.8 320.8 205.60000000000002 317.6 208.8 314.40000000000003 212 306.40000000000003 212.8 302.40000000000003 213.60000000000002 298.40000000000003 216.8 290.40000000000003 222.4 276.8 232 272 237.60000000000002 273.6 243.20000000000002 301.6 247.20000000000002 308 249.60000000000002 312 254.4 304 257.6 296 261.6 284 266.40000000000003 274.40000000000003 272 264 280 262.40000000000003 282.40000000000003 280 282.40000000000003 288.8 285.6 308.8 299.2 309.6 304.8 301.6 306.40000000000003 294.40000000000003 309.6 289.6 312.8 285.6 317.6 281.6 325.6 289.6 329.6 303.2 333.6 308 347.20000000000005 292 352.8 282.40000000000003 357.6 294.40000000000003 360 303.2 364 311.20000000000005 369.6 308.8 377.6 290.40000000000003 381.6 281.6 383.20000000000005 277.6 392 288.8 395.20000000000005 296.8 397.6 305.6 399.20000000000005 309.6 409.6 296 412.8 288.8 419.20000000000005 277.6 423.20000000000005 273.6 426.40000000000003 278.40000000000003 432.8 296 440.8 312.8 444 308.8 446.40000000000003 300 466.40000000000003 299.2 )
#
