27
26
18
24
20
19
26
27
19
26
23
21
23
19
32
20
31
22
27
20
20
22
19
24
25
21
18
23
12
19
27
29
24
20
25
25
18
20
30
23
22
21
27
13
19
24
23
19
23
22
15
24
22
25
20
22
30
24
25
26
19
25
27
26
27
16
20
23
22
17
25
20
25
22
21
23
28
26
20
25
18
17
27
24
22
24
25
24
24
24
22
17
22
27
24
25
31
18
19
22
19
21
20
19
22
29
21
25
21
28
19
19
28
27
22
19
25
15
21
20
22
23
18
21
25
17
16
24
15
25
22
27
22
24
23
20
29
26
25
24
18
21
22
15
20
25
19
20
26
19
18
18
34
17
31
22
24
14
28
16
28
27
24
17
25
17
21
24
21
24
23
31
17
23
27
27
24
27
20
27
22
22
27
20
28
30
21
30
28
13
22
18
20
21
23
22
19
23
20
34
20
22
15
20
20
25
19
22
23
20
19
27
21
20
22
25
20
22
28
23
28
19
19
23
29
24
28
22
23
23
26
25
26
29
19
20
28
18
18
25
24
21
23
24
9
26
18
20
16
25
22
11
24
27
27
18
29
23
23
20
21
26
23
25
25
19
22
24
24
26
18
27
31
22
17
15
20
27
27
21
28
23
20
23
19
18
15
17
19
26
23
16
20
20
29
23
20
21
21
24
18
20
27
16
21
22
27
25
29
19
23
28
17
21
20
19
25
27
19
24
19
17
21
29
20
23
22
28
25
19
26
19
19
24
22
15
30
23
24
25
27
20
15
22
23
24
26
23
20
24
25
15
22
27
11
19
19
12
21
24
22
20
19
23
19
22
23
27
18
26
23
17
18
29
27
25
23
17
28
17
20
23
31
27
21
23
20
20
21
22
15
25
25
19
25
19
22
21
23
18
20
24
26
25
19
30
24
21
23
22
23
20
20
15
13
22
29
22
19
27
19
23
23
21
20
24
19
31
19
18
21
22
24
21
27
22
29
13
13
27
24
21
20
21
16
22
19
29
21
19
21
20
33
21
36
16
24
20
25
18
24
16
17
23
23
17
25
26
27
22
26
19
20
31
26
23
24
18
11
21
24
25
25
22
17
22
20
33
21
18
26
22
23
27
28
25
18
16
22
24
29
30
28
20
21
25
22
22
20
24
18
20
19
25
23
20
21
19
22
32
22
15
19
27
24
23
25
26
18
19
28
32
29
18
27
20
24
27
19
25
22
25
19
26
15
21
29
23
28
22
25
22
17
26
28
27
24
20
25
24
17
16
21
24
20
25
15
26
28
24
20
24
15
18
29
18
25
31
27
23
24
18
29
25
23
23
17
22
13
20
20
19
20
21
22
26
22
20
25
28
22
28
26
23
24
21
20
22
20
23
25
18
24
20
17
34
20
23
17
27
27
18
16
23
21
18
30
21
17
20
20
19
25
20
22
33
22
23
23
25
27
23
21
30
24
22
17
25
18
19
17
19
21
23
26
29
22
14
23
34
23
19
23
14
23
17
20
18
20
31
26
24
22
19
17
31
33
25
26
32
18
16
20
27
21
31
27
23
24
23
21
24
27
21
20
17
19
22
23
23
23
27
19
22
20
22
17
19
22
27
19
24
23
17
26
20
31
16
17
22
23
26
24
24
15
29
27
16
19
28
16
20
20
25
20
30
23
15
28
19
20
15
29
26
20
25
24
25
18
19
27
26
30
20
23
20
23
28
27
19
25
20
19
24
34
24
20
22
23
19
23
24
22
20
25
23
21
25
23
27
25
35
29
22
21
18
30
24
22
17
21
22
20
18
18
21
19
29
25
16
19
21
20
22
25
23
19
30
25
13
21
26
23
26
23
17
28
25
21
23
22
29
22
28
17
24
22
19
25
22
21
20
23
26
21
24
21
23
19
25
20
17
19
28
19
20
23
20
24
22
30
32
23
17
34
24
21
21
28
21
23
26
22
26
22
25
22
21
21
30
24
18
27
23
23
24
22
24
23
25
29
23
17
22
26
23
21
20
19
25
17
20
20
22
22
18
20
33
20
13
13
27
23
24
25
16
20
31
26
21
24
21
22
21
20
26
24
26
22
17
17
23
22
25
26
25
22
21
28
21
20
30
19
21
23
21
17
27
25
19
22
17
17
22
21
20
25
22
18
16
22
22
24
19
23
26
23
24
19
23
22
30
29
20
23
21
19
21
27
19
24
21
27
23
22
25
28
20
28
23
20
19
22
27
23
24
25
21
19
20
24
15
26
28
22
22
21
26
27
23
23
19
17
22
25
19
22
23
21
18
22
16
27
18
24
24
17
15
28
17
19
29
31
24
23
21
22
30
19
25
28
19
23
19
27
23
21
27
17
24
22
26
23
23
27
25
20
24
24
27
25
22
24
23
25
23
21
18
16
20
22
22
29
21
25
18
31
25
23
18
17
28
18
20
24
19
20
23
22
18
20
27
26
27
19
20
21
33
20
21
25
24
22
19
22
19
21
20
26
24
26
27
23
21
22
28
24
22
18
16
17
21
23
17
25
17
20
26
22
20
25
15
22
27
21
25
21
23
14
20
21
20
25
23
17
27
19
22
16
31
27
23
33
24
24
25
17
25
32
21
27
20
23
26
23
23
